923
19 46
-47 364
20 270
-38 771
46 -947
4 376
44 36
26 687
-24 199
26 326
16 -551
-23 -571
5 977
-16 -718
-34 945
-25 -736
32 -994
37 61
33 -661
19 382
-15 -582
-40 129
28 -801
-46 589
18 928
24 -762
-7 -564
-28 141
-18 738
-9 557
26 -404
-8 -423
24 61
44 603
37 531
-27 213
6 84
25 919
14 696
-1 542
-34 233
44 810
-2 898
47 -675
-29 476
-16 470
6 -191
45 -466
8 110
3 341
24 110
-45 956
3 -167
15 -778
49 -762
50 464
-2 451
-5 -358
-41 46
-21 698
-23 651
-10 158
25 16
-14 -315
27 274
40 436
-38 639
-1 -5
-29 -927
19 680
-35 630
-12 -756
-3 474
16 -291
-8 780
-3 -116
35 237
-36 -24
9 -666
38 607
32 77
-47 251
23 -202
-10 -810
-1 386
42 659
16 -841
-42 325
-16 -30
-13 -554
-49 -33
4 -938
-42 -448
0 202
3 146
-45 -601
17 -761
-25 -773
34 -776
-33 -686
9 -662
-1 -290
46 531
25 -943
12 -797
-38 682
-39 -693
35 -854
-9 -421
-31 234
49 -263
47 -724
-20 -112
-1 309
0 972
-9 717
-26 -370
-28 925
44 301
18 -409
-10 511
-22 864
-14 -261
-12 -878
39 -624
19 455
-5 390
-7 -704
-10 334
29 672
-14 1000
7 -594
36 -222
-4 -926
-39 709
-10 -939
25 210
-24 113
36 439
-29 -297
15 947
-49 -555
43 922
-5 630
-42 88
9 199
20 -34
-40 -873
-23 526
-12 79
-12 528
16 -679
-19 -443
-48 73
-26 -365
-7 -395
-22 -644
-50 -577
22 54
-49 692
-23 -253
-38 -262
-36 -875
38 -299
21 -279
18 458
-2 671
31 487
29 49
-34 -156
31 112
25 252
36 226
-10 298
34 8
-45 -870
0 272
-46 157
15 -358
20 247
-13 -166
-18 523
-6 -235
0 -617
-33 -848
23 188
-7 -42
38 -673
-11 145
-34 413
29 289
36 373
-32 -51
25 -155
4 654
-7 549
4 282
-2 882
37 -503
41 -236
34 -726
40 -402
-23 -171
-45 -455
47 982
-9 283
16 -382
-12 190
-10 -418
-12 252
-30 -438
-10 -157
-33 368
49 -311
-32 128
39 -543
47 720
40 -778
23 954
-50 -541
-23 761
-24 -902
-9 -785
35 -749
-19 672
-37 281
47 -435
18 673
33 3
-40 269
29 -905
23 -559
-7 913
-9 70
-4 734
-4 -264
15 -889
34 299
18 -306
36 241
-35 604
-14 -704
41 -655
30 422
-19 -733
-21 -176
34 324
-5 558
38 -376
-32 256
21 275
25 -531
-16 -996
16 324
-48 882
-49 -225
-35 435
8 385
3 -457
-4 230
-27 301
44 921
-42 -284
-27 -692
6 75
11 863
-2 15
17 -618
9 883
0 410
17 -130
8 -741
-24 -410
43 948
-50 298
39 -251
-38 -526
50 429
-50 -979
49 -197
10 -370
-8 644
-15 -914
45 -681
-9 780
-40 941
-22 -798
13 162
-22 -882
5 -529
-33 -571
29 -327
-40 305
-50 955
48 504
18 312
8 -150
-9 -566
0 -991
-1 605
-32 403
26 733
33 -446
-25 -640
25 906
-40 789
17 20
-45 -738
41 497
8 864
36 -18
44 209
-35 -3
-4 905
-21 918
41 -859
-41 727
-17 -218
-17 -859
-30 -593
-39 435
-36 -497
-10 -848
-25 -196
-24 613
20 962
-35 688
-9 -177
41 825
-30 -771
26 413
-15 957
31 369
-5 -764
-47 383
4 -811
-39 -152
-25 -768
17 759
-37 -154
26 838
47 -520
-7 205
-40 212
34 -838
0 -93
2 440
-13 -130
-14 -331
12 -815
38 -178
29 -466
46 273
-5 -78
-25 931
29 -555
12 251
-34 842
-50 810
8 725
-37 921
15 617
-30 -955
-36 802
10 200
38 -19
20 -131
-4 -566
-46 837
-29 -366
30 -893
-40 -239
-30 -803
-29 694
37 879
22 -197
-19 -204
10 975
-17 -261
-46 632
11 -304
47 -525
-10 429
21 -747
23 960
35 8
-47 -350
18 211
-49 659
0 -919
-8 -364
-9 -677
0 -975
-9 392
-40 406
6 651
48 400
49 -777
16 -841
22 -767
-15 266
26 -887
-4 -595
-35 632
-32 -264
28 144
48 -553
-41 883
-37 -560
-39 623
-20 -560
34 254
40 117
-3 -175
18 345
40 -56
9 -679
5 -579
20 924
19 840
32 694
-17 -993
41 -10
0 2
-40 -170
-15 973
-37 472
43 145
-41 -190
44 832
-13 -272
48 -370
-46 -734
21 379
-45 -653
39 331
-14 -812
-6 -194
-11 -93
-38 921
-41 -54
9 580
15 4
-30 -585
-26 981
-32 385
43 -373
24 428
-15 -573
-19 -156
-4 -402
-31 -638
45 246
-18 956
6 -318
-16 53
-43 606
47 -998
32 -412
-24 -479
-21 247
4 -29
-19 32
-12 926
29 -102
43 -992
-16 -795
-14 544
-18 -241
-45 -102
8 -206
-49 -725
-9 -122
-35 -845
-32 -502
-41 -584
41 -314
31 -361
-18 -208
29 -642
-5 788
-41 584
-44 -941
48 204
49 938
-14 96
-6 -246
38 194
-24 309
-31 620
-17 -407
26 -162
-30 -450
-47 107
43 -68
9 -561
27 -970
-43 -113
-41 55
10 895
-41 -412
29 -255
9 -784
33 -426
-32 -763
-48 -550
23 -440
29 -673
-17 -265
-32 -725
-45 -298
1 -767
37 917
28 65
-39 -135
5 781
40 884
1 347
16 -255
50 -183
-33 320
10 -94
35 933
34 859
38 99
31 128
26 472
-26 564
-6 -287
6 259
-17 33
-6 -526
8 -189
-31 -302
8 -745
-45 520
6 943
33 453
-8 905
26 791
42 636
26 361
44 886
8 -952
34 368
-7 241
-40 180
28 244
41 -499
21 -410
-49 584
-47 -816
-42 123
-9 -217
32 22
-47 -60
-11 3
-11 108
30 987
29 323
1 -166
15 257
-7 -80
27 344
46 -569
-12 118
-35 741
15 496
-34 116
-45 189
-39 279
50 -730
8 -184
-4 965
-13 -596
14 730
-7 750
38 531
-44 -970
-12 -941
-42 129
-5 590
-35 793
35 -512
-10 444
17 332
41 -993
-13 -351
48 -752
41 212
18 -863
-41 -228
48 407
46 -208
-42 671
-3 912
-43 679
-12 366
27 727
-27 889
-8 -719
-27 420
36 434
13 -303
13 -350
4 -194
-45 332
-41 -637
-44 -921
49 -38
27 -164
-17 -78
-21 135
-32 -438
-28 -611
31 904
-32 569
-4 -653
-47 115
-26 -88
-7 841
4 483
-32 792
22 780
-10 717
19 392
-40 -534
24 -474
-32 -341
22 -806
-20 -419
34 -463
-39 -770
-19 -525
-42 -750
-7 -699
50 903
50 -175
18 366
19 463
3 877
-16 -775
-22 324
43 38
-21 401
20 292
49 907
-28 839
29 326
2 -953
-19 216
-18 -96
-7 141
-30 829
-40 -158
24 -594
31 -223
36 -796
-34 2
-23 399
26 859
33 -442
12 470
-17 -682
-12 -829
3 433
38 221
15 -251
-28 493
-36 -854
50 -237
-7 -460
42 -844
1 582
-45 -915
49 -99
12 -164
-46 277
24 -584
44 664
41 891
49 -292
-41 717
-3 633
37 -476
39 -385
-21 149
17 686
38 754
-37 663
17 -160
22 -953
38 -816
-9 -350
44 802
-40 992
-24 -961
36 -175
7 -132
-39 -918
-14 -524
34 -238
-3 -623
32 746
-10 -172
-22 -551
-39 728
-15 -281
-37 -441
-50 633
22 -411
38 305
33 880
-10 -362
49 927
-1 919
21 392
-18 -864
10 -574
-29 570
-42 510
-19 712
34 -534
-3 -371
26 940
-18 795
-42 778
20 -446
-4 438
-36 -200
-21 596
12 -935
-49 408
35 -215
-27 263
10 85
-3 118
49 278
8 532
-9 145
13 458
-49 -756
27 -808
-22 407
-48 465
-34 -728
15 161
16 503
-2 -426
-1 -236
50 345
-17 -169
-47 441
0 669
14 505
-1 456
-35 108
9 330
50 -748
-17 207
-24 624
3 -749
-9 919
16 604
25 -655
9 832
-29 235
-43 482
-20 512
-27 -691
42 675
40 -74
23 548
-48 -688
18 -488
-16 -97
0 -399
40 -885
45 -487
10 -139
44 81
45 -520
41 359
23 278
23 -184
25 20
46 -779
33 -491
-36 239
-35 798
-33 650
-17 786
19 482
-47 -879
-33 -532
-50 -442
-50 -860
-29 358
-7 -946
-18 284
-7 478
-29 184
-25 725
-7 -568
12 668
-43 391
-37 -574
24 -886
-33 964
-20 -122
50 -503
45 366
-9 255
-31 -98
-35 437
15 -317
-34 902
31 781
20 175
17 966
-43 744
-14 212
18 34
-42 -202
-2 53
-16 454
-34 -554
-8 -8
-6 -14
-44 -400
10 188
-48 359
-9 875
-40 908
27 -718
-2 -693
-39 -676
14 -993
-46 192
45 -62
45 75
-13 751
-35 -766
-39 637
-34 825
-13 -597
10 470
13 -917
44 -322
-34 -550
7 176
34 642
-34 -974
-47 -14
-36 986
47 637
-23 891
43 -571
16 -86
15 28
-48 -79
-30 145
12 -409
-26 -621
-36 369
6 -8
38 445
22 -745
21 711
17 -755
-10 737
-4 552
31 -132
-31 10
-40 510
33 -110
13 -260
4 -458
-39 619
19 -5
-4 982
-16 676
-35 -95
-45 301
6 636
43 69
26 555
-40 175
23 589
29 163
41 529
43 507
24 779
7 594
34 312
34 455
22 461
-17 -718
-49 -333
15 -666
11 326
6 -147
-8 -711
9 -976
3 -438
3 -642
-21 966
38 439
-44 -422
-12 331
17 23
6 -144
-38 540
-14 -552
-10 330
-20 -156
45 -182
-36 467
46 -371
11 840
5 -73
47 567
38 53
3
2 118 787
1 7511 298
2 2202 807
3
1 6894 841
2 607 795
3
2 -666 65
2 2553 442
1 5909 134
2 3938 265
2 242 392
3
1 9832 396
3
1 147 214
1 6592 147
2 -604 617
3
2 4411 430
3
3
1 -414 440
2 3931 390
1 558 340