100
249 -658 -923
440 -492 -503
-729 -612 -816
-97 512 149
821 672 336
-485 228 194
-357 -153 -530
722 -549 -981
13 814 536
425 115 -501
-195 404 298
-188 505 -566
-337 -144 -871
137 177 -904
-231 -175 -968
260 -594 -968
-530 -962 -991
669 -553 -625
868 776 439
-874 -556 -789
15 769 455
-855 -963 -967
269 303 103
748 658 406
-930 132 -897
-950 -480 -520
-258 676 -549
249 310 -970
723 -971 -979
525 -958 -987
-235 684 -519
45 -661 -832
141 -977 -992
699 639 -833
-177 683 489
-91 -711 -813
127 -784 -836
-299 759 390
-152 -14 -150
-295 -731 -787
-234 -571 -980
-596 370 -261
400 778 423
-498 845 509
-610 218 55
743 -385 -714
879 -100 -342
960 -140 -890
-278 -761 -978
-394 656 -431
739 584 108
514 -19 -947
543 8 -359
379 461 353
899 244 -236
-567 939 651
549 -467 -972
798 587 89
646 -111 -951
-321 128 -330
559 -779 -870
599 618 452
-128 -662 -770
-251 869 469
710 -923 -999
-609 364 -979
407 600 310
753 -321 -963
768 526 219
-641 951 445
370 962 317
-826 344 -35
-288 -978 -999
533 539 -286
10 173 -838
-891 560 92
743 -768 -832
-928 -879 -949
-759 550 186
96 -524 -980
830 -714 -937
-685 -381 -609
-867 266 -922
980 -885 -945
233 -456 -458
992 -651 -944
555 -443 -779
-160 955 364
-32 -195 -855
-881 904 616
761 -405 -943
118 -188 -502
-70 -212 -590
-10 15 -562
983 -709 -869
-503 329 264
-154 27 -422
-786 879 603
-443 585 -817
476 -563 -832
3
2 -871 733 -1 -1 -1 -1 -1 -1 -1 -1 -1 -1 -1 -1 -1 -1 -1 -1 -1 -1 -1 -1 -1 -1 -1 -1 -1 -1 -1 -1 -1 -1 -1 -1 -1 -1 -1 -1 -1 -1 -1 -1 -1 -1 -1 -1 -1 -1 -1 -1 -1 -1 -1 -1 -1 -1 -1 -1 -1 -1 -1 -1 -1 -1 -1 -1 -1 -1 -1 -1 -1 -1 -1 -1 -1 -1 -1 -1 -1 -1 -1 -1 -1 -1 -1 -1 -1 -1 -1 -1 -1 -1 -1 -1 -1 -1 -1 -1 -1 -1 -1 -1 
3
2 -380 915 -1 -1 -1 -1 -1 -1 -1 -1 -1 -1 -1 -1 -1 -1 -1 -1 -1 -1 -1 -1 -1 -1 -1 -1 -1 -1 -1 -1 -1 -1 -1 -1 -1 -1 -1 -1 -1 -1 -1 -1 -1 -1 -1 -1 -1 -1 -1 -1 -1 -1 -1 -1 -1 -1 -1 -1 -1 -1 -1 -1 -1 -1 -1 -1 -1 -1 -1 -1 -1 -1 -1 -1 -1 -1 -1 -1 -1 -1 -1 -1 -1 -1 -1 -1 -1 0 -1 -1 -1 -1 -1 -1 -1 -1 -1 -1 -1 -1 -1 -1 
3
2 681 786 -1 -1 -1 -1 -1 -1 -1 -1 -1 -1 -1 -1 -1 -1 -1 -1 -1 -1 -1 -1 -1 -1 -1 -1 -1 -1 -1 -1 -1 -1 -1 -1 -1 -1 -1 -1 -1 -1 -1 -1 -1 -1 -1 -1 -1 -1 -1 -1 -1 -1 -1 -1 -1 -1 -1 -1 -1 -1 -1 -1 -1 -1 -1 -1 -1 -1 -1 -1 -1 -1 -1 -1 -1 -1 -1 -1 -1 -1 -1 -1 -1 -1 -1 -1 -1 1 -1 -1 -1 -1 -1 -1 -1 -1 0 -1 -1 -1 -1 -1 
3
2 -659 562 -1 -1 -1 -1 -1 -1 -1 -1 -1 -1 -1 -1 -1 -1 -1 -1 -1 -1 -1 -1 -1 -1 -1 -1 -1 -1 -1 -1 -1 -1 -1 -1 -1 -1 -1 -1 -1 -1 -1 -1 -1 -1 -1 -1 -1 -1 -1 -1 -1 -1 -1 -1 -1 -1 -1 -1 -1 -1 -1 -1 -1 -1 -1 -1 -1 -1 -1 -1 -1 -1 -1 -1 -1 -1 -1 -1 -1 -1 -1 -1 -1 -1 -1 0 -1 1 -1 -1 -1 -1 -1 -1 -1 -1 2 -1 -1 -1 -1 -1 
3
1 -526 12 -1 -1 -1 -1 -1 -1 -1 -1 -1 -1 -1 -1 -1 -1 -1 -1 -1 -1 -1 -1 -1 -1 -1 -1 -1 -1 -1 -1 -1 -1 -1 -1 -1 -1 -1 -1 -1 -1 -1 -1 -1 -1 -1 -1 -1 -1 -1 3 -1 -1 -1 -1 -1 -1 -1 -1 -1 -1 -1 -1 -1 -1 -1 -1 -1 -1 -1 -1 -1 -1 -1 -1 -1 -1 -1 -1 -1 -1 -1 -1 -1 -1 -1 0 -1 1 -1 -1 -1 -1 -1 -1 -1 -1 2 -1 -1 -1 -1 -1 
3
2 -177 158 -1 -1 -1 -1 -1 -1 -1 -1 -1 -1 -1 -1 -1 -1 -1 -1 -1 -1 -1 -1 -1 -1 -1 -1 -1 -1 -1 -1 -1 -1 -1 -1 -1 -1 -1 -1 -1 -1 -1 -1 -1 -1 -1 -1 -1 -1 -1 3 -1 -1 -1 -1 -1 -1 -1 -1 -1 -1 -1 -1 -1 -1 -1 -1 -1 -1 -1 -1 -1 -1 -1 -1 -1 -1 -1 -1 -1 -1 -1 -1 -1 -1 -1 0 -1 1 -1 -1 -1 -1 -1 -1 -1 -1 2 -1 -1 -1 -1 -1 
3
1 -197 51 -1 -1 -1 -1 -1 -1 -1 -1 -1 -1 -1 -1 -1 -1 -1 -1 -1 -1 -1 -1 -1 -1 -1 -1 -1 -1 -1 -1 -1 -1 -1 -1 -1 -1 -1 -1 -1 -1 -1 -1 -1 -1 -1 -1 -1 -1 -1 3 -1 -1 -1 -1 -1 -1 5 -1 -1 -1 -1 -1 -1 -1 -1 -1 -1 -1 -1 -1 -1 -1 -1 -1 -1 -1 -1 -1 -1 -1 -1 -1 -1 -1 -1 0 -1 1 -1 -1 -1 -1 -1 -1 -1 -1 2 -1 -1 -1 -1 -1 
3
1 -937 57 -1 -1 -1 -1 -1 -1 -1 -1 -1 -1 -1 -1 -1 -1 -1 -1 -1 -1 -1 -1 -1 -1 -1 -1 -1 -1 -1 -1 -1 -1 -1 -1 -1 -1 -1 -1 -1 -1 -1 -1 -1 -1 -1 -1 -1 -1 -1 3 -1 -1 -1 -1 -1 -1 5 -1 -1 -1 -1 -1 -1 -1 -1 -1 -1 -1 -1 -1 -1 -1 -1 -1 -1 -1 -1 -1 -1 -1 -1 -1 -1 -1 -1 0 -1 1 -1 -1 -1 -1 -1 -1 -1 -1 2 -1 -1 -1 -1 -1 
3
2 943 539 -1 -1 -1 -1 -1 -1 -1 -1 -1 -1 -1 -1 -1 -1 -1 -1 -1 -1 -1 -1 -1 -1 -1 -1 -1 -1 -1 -1 -1 -1 -1 -1 -1 -1 -1 -1 -1 -1 -1 -1 -1 -1 -1 -1 -1 -1 -1 3 -1 -1 -1 -1 -1 -1 5 -1 -1 -1 -1 -1 -1 -1 -1 -1 -1 -1 -1 -1 -1 -1 -1 -1 -1 -1 -1 -1 -1 -1 -1 -1 -1 -1 -1 0 -1 1 -1 -1 -1 -1 -1 -1 -1 -1 2 -1 -1 -1 -1 -1 
3
2 281 457 -1 -1 -1 -1 -1 -1 -1 -1 -1 -1 -1 -1 -1 -1 -1 -1 -1 -1 -1 -1 -1 -1 -1 -1 -1 -1 -1 -1 -1 -1 -1 -1 -1 -1 -1 -1 -1 -1 -1 -1 -1 -1 -1 -1 -1 -1 5 3 -1 -1 -1 -1 -1 -1 8 -1 -1 -1 -1 -1 -1 -1 -1 -1 -1 -1 -1 -1 -1 -1 -1 -1 -1 -1 -1 -1 -1 -1 -1 -1 -1 -1 -1 0 -1 1 -1 -1 -1 -1 -1 -1 -1 -1 2 -1 -1 -1 -1 -1 
3
2 -412 184 -1 -1 -1 -1 -1 -1 -1 -1 -1 -1 -1 -1 -1 -1 -1 -1 -1 -1 5 -1 -1 -1 -1 -1 -1 -1 -1 -1 -1 -1 -1 -1 -1 -1 -1 -1 -1 -1 -1 -1 -1 -1 -1 -1 -1 -1 9 3 -1 -1 -1 -1 -1 -1 8 -1 -1 -1 -1 -1 -1 -1 -1 -1 -1 -1 -1 -1 -1 -1 -1 -1 -1 -1 -1 -1 -1 -1 -1 -1 -1 -1 -1 0 -1 1 -1 -1 -1 -1 -1 -1 -1 -1 2 -1 -1 -1 -1 -1 
3
2 -216 851 -1 -1 -1 -1 -1 -1 -1 -1 -1 -1 -1 -1 -1 -1 -1 -1 -1 -1 10 -1 -1 -1 -1 -1 -1 -1 -1 -1 -1 -1 -1 -1 -1 -1 -1 -1 -1 -1 -1 -1 -1 -1 -1 -1 -1 -1 9 3 -1 -1 -1 -1 -1 -1 8 -1 -1 -1 -1 -1 -1 -1 -1 -1 -1 -1 -1 -1 -1 -1 -1 -1 -1 -1 -1 -1 -1 -1 -1 -1 5 -1 -1 0 -1 1 -1 -1 -1 -1 -1 -1 -1 -1 2 -1 -1 -1 -1 -1 
3
1 -893 49 -1 -1 -1 -1 5 -1 -1 -1 -1 -1 -1 -1 -1 -1 -1 -1 -1 -1 9 -1 -1 -1 -1 -1 -1 -1 -1 -1 -1 -1 -1 -1 -1 -1 -1 -1 -1 -1 -1 -1 -1 -1 -1 -1 -1 -1 8 0 -1 -1 -1 -1 -1 -1 3 -1 -1 -1 -1 -1 -1 -1 -1 -1 -1 -1 -1 -1 -1 -1 -1 -1 -1 -1 -1 -1 -1 -1 -1 -1 10 -1 -1 2 -1 1 -1 -1 -1 -1 -1 -1 -1 -1 11 -1 -1 -1 -1 -1 
3
2 231 123 -1 -1 -1 -1 5 -1 -1 -1 -1 -1 -1 -1 -1 -1 -1 -1 -1 -1 9 -1 -1 -1 -1 -1 -1 -1 -1 -1 -1 -1 -1 -1 -1 -1 -1 -1 -1 -1 -1 -1 -1 -1 -1 -1 -1 -1 8 0 -1 -1 -1 -1 -1 -1 3 -1 -1 -1 -1 -1 -1 -1 -1 -1 -1 -1 -1 -1 -1 -1 -1 -1 -1 -1 -1 -1 -1 -1 -1 -1 10 -1 -1 2 -1 1 -1 -1 -1 -1 -1 -1 -1 -1 11 -1 -1 -1 -1 -1 
3
1 -250 31 -1 -1 -1 -1 5 -1 -1 -1 -1 -1 -1 -1 -1 -1 -1 -1 -1 -1 9 -1 -1 -1 -1 -1 -1 -1 -1 -1 -1 -1 -1 -1 -1 -1 -1 -1 -1 -1 -1 -1 -1 -1 -1 -1 -1 -1 8 0 -1 -1 -1 -1 -1 -1 3 -1 -1 13 -1 -1 -1 -1 -1 -1 -1 -1 -1 -1 -1 -1 -1 -1 -1 -1 -1 -1 -1 -1 -1 -1 10 -1 -1 2 -1 1 -1 -1 -1 -1 -1 -1 -1 -1 11 -1 -1 -1 -1 -1 
3
2 -265 387 -1 -1 -1 -1 5 -1 -1 -1 -1 -1 -1 -1 -1 -1 -1 -1 -1 -1 9 -1 -1 -1 -1 -1 -1 -1 -1 -1 -1 -1 -1 14 -1 -1 -1 -1 -1 -1 -1 -1 -1 -1 -1 -1 -1 -1 8 0 -1 -1 -1 -1 -1 -1 3 -1 -1 13 -1 -1 -1 -1 -1 -1 -1 -1 -1 -1 -1 -1 -1 -1 -1 -1 -1 -1 -1 -1 -1 -1 10 -1 -1 2 -1 1 -1 -1 -1 -1 -1 -1 -1 -1 11 -1 -1 -1 -1 -1 
3
2 -120 894 -1 -1 -1 -1 10 -1 -1 -1 -1 -1 -1 -1 -1 -1 -1 -1 -1 -1 9 -1 -1 -1 -1 -1 -1 -1 -1 -1 -1 -1 -1 14 -1 -1 -1 -1 -1 -1 -1 -1 -1 -1 -1 -1 -1 -1 8 0 -1 -1 -1 -1 -1 -1 3 -1 -1 5 -1 -1 -1 -1 -1 -1 -1 -1 -1 -1 -1 -1 -1 -1 -1 -1 -1 -1 -1 -1 -1 -1 15 -1 -1 2 -1 1 -1 -1 -1 -1 13 -1 -1 -1 11 -1 -1 -1 -1 -1 
3
2 989 845 -1 -1 -1 -1 15 -1 -1 -1 -1 -1 -1 -1 -1 -1 -1 -1 -1 -1 8 -1 -1 -1 -1 -1 -1 -1 -1 -1 -1 -1 -1 14 -1 -1 -1 -1 -1 -1 -1 -1 -1 -1 -1 -1 -1 -1 3 2 -1 -1 -1 -1 -1 -1 0 -1 -1 10 -1 -1 -1 -1 -1 -1 -1 -1 -1 -1 5 -1 -1 -1 -1 -1 -1 -1 -1 -1 -1 -1 9 -1 -1 11 -1 1 -1 -1 -1 -1 13 -1 -1 -1 16 -1 -1 -1 -1 -1 
3
2 332 578 -1 -1 -1 -1 9 -1 -1 -1 -1 -1 -1 -1 -1 -1 -1 -1 -1 -1 3 -1 -1 -1 -1 -1 -1 -1 -1 -1 -1 -1 -1 14 -1 -1 -1 -1 -1 -1 -1 -1 -1 -1 -1 -1 -1 -1 0 17 -1 -1 -1 -1 -1 -1 2 -1 -1 15 -1 -1 -1 -1 -1 -1 -1 -1 -1 13 10 -1 -1 -1 -1 -1 -1 -1 -1 -1 -1 -1 8 -1 -1 11 -1 1 -1 -1 -1 -1 5 -1 -1 -1 16 -1 -1 -1 -1 -1 
3
1 -31 86 -1 -1 -1 -1 8 -1 -1 -1 -1 -1 -1 -1 -1 -1 -1 -1 -1 -1 18 -1 -1 -1 -1 -1 -1 -1 -1 -1 -1 -1 -1 14 -1 -1 -1 -1 -1 -1 -1 -1 -1 -1 -1 -1 -1 -1 0 17 -1 -1 -1 -1 -1 -1 2 -1 -1 9 -1 -1 -1 -1 -1 -1 -1 -1 -1 5 15 -1 -1 -1 -1 -1 -1 -1 13 -1 -1 -1 3 -1 -1 11 -1 1 -1 -1 -1 -1 10 -1 -1 -1 16 -1 -1 -1 -1 -1 
3
1 -367 44 -1 -1 -1 -1 8 -1 -1 -1 -1 -1 -1 -1 -1 -1 -1 -1 -1 -1 18 -1 -1 -1 -1 -1 -1 -1 -1 -1 -1 -1 -1 14 -1 -1 -1 -1 -1 -1 -1 -1 -1 -1 -1 -1 -1 -1 0 17 -1 -1 -1 -1 -1 -1 2 -1 -1 9 -1 -1 -1 -1 -1 -1 -1 -1 -1 5 15 -1 -1 -1 -1 -1 -1 -1 13 -1 -1 -1 3 -1 -1 11 -1 1 19 -1 -1 -1 10 -1 -1 -1 16 -1 -1 -1 -1 -1 
3
2 125 863 -1 -1 -1 -1 8 -1 -1 -1 -1 -1 -1 -1 -1 -1 -1 -1 -1 -1 18 -1 -1 -1 -1 -1 -1 -1 -1 -1 -1 -1 -1 14 -1 -1 -1 -1 -1 -1 -1 -1 -1 -1 -1 -1 -1 -1 0 17 -1 -1 -1 -1 -1 -1 2 -1 -1 9 -1 -1 -1 -1 -1 -1 -1 -1 -1 5 15 -1 -1 -1 -1 -1 -1 -1 13 -1 -1 -1 3 -1 -1 11 -1 1 19 -1 -1 -1 10 -1 -1 -1 16 -1 -1 -1 -1 -1 
3
1 348 57 -1 -1 -1 -1 3 -1 -1 -1 -1 -1 -1 -1 -1 -1 -1 -1 -1 -1 0 -1 -1 -1 -1 -1 -1 -1 -1 -1 -1 -1 -1 14 -1 -1 -1 -1 -1 -1 -1 -1 -1 -1 -1 -1 -1 13 2 11 -1 -1 -1 -1 -1 -1 17 -1 -1 8 -1 -1 -1 -1 -1 -1 -1 -1 -1 10 9 -1 -1 -1 -1 -1 -1 -1 5 -1 -1 -1 18 -1 -1 21 -1 1 19 -1 -1 -1 15 -1 -1 -1 16 -1 -1 -1 -1 -1 
3
1 -189 5 -1 -1 -1 -1 3 -1 -1 -1 -1 -1 -1 -1 -1 -1 -1 -1 -1 -1 0 -1 -1 -1 -1 -1 -1 -1 -1 -1 -1 -1 -1 14 -1 -1 -1 -1 -1 -1 -1 -1 -1 -1 -1 -1 -1 13 2 11 -1 -1 -1 -1 -1 -1 17 -1 -1 8 -1 -1 -1 -1 -1 -1 -1 -1 -1 10 9 -1 -1 -1 -1 -1 -1 -1 5 -1 -1 -1 18 -1 -1 21 -1 1 19 -1 -1 -1 15 -1 -1 -1 16 -1 -1 -1 -1 -1 
3
2 -715 897 -1 -1 -1 -1 3 -1 -1 -1 -1 -1 -1 -1 -1 -1 -1 -1 -1 -1 0 -1 -1 -1 -1 -1 -1 -1 -1 -1 -1 -1 -1 14 -1 -1 -1 -1 -1 -1 -1 -1 -1 -1 -1 -1 -1 13 2 11 -1 -1 -1 -1 -1 -1 17 -1 -1 8 -1 -1 -1 -1 -1 -1 -1 -1 -1 10 9 -1 -1 -1 -1 -1 -1 -1 5 -1 -1 -1 18 -1 -1 21 -1 1 19 -1 -1 -1 15 -1 -1 -1 16 -1 -1 -1 -1 -1 
3
2 -29 866 -1 -1 -1 -1 18 -1 -1 -1 -1 -1 -1 -1 -1 -1 -1 -1 -1 -1 2 -1 -1 -1 -1 10 -1 -1 -1 -1 -1 -1 -1 14 -1 -1 -1 -1 -1 -1 -1 -1 -1 -1 -1 -1 -1 13 17 21 -1 -1 -1 -1 -1 -1 11 -1 -1 3 -1 -1 -1 -1 -1 -1 -1 -1 -1 15 8 -1 -1 -1 -1 -1 -1 -1 5 -1 -1 -1 0 -1 -1 16 -1 1 19 -1 -1 -1 9 -1 -1 -1 24 -1 -1 -1 -1 -1 
3
1 -662 53 -1 -1 -1 -1 0 -1 -1 -1 -1 -1 -1 -1 -1 -1 -1 -1 -1 -1 17 -1 -1 -1 -1 15 -1 -1 -1 -1 -1 -1 -1 14 -1 -1 -1 -1 -1 -1 -1 -1 -1 -1 -1 -1 -1 5 11 25 -1 -1 13 -1 -1 -1 21 -1 -1 18 -1 -1 -1 -1 -1 -1 -1 -1 -1 9 3 -1 -1 -1 -1 -1 -1 -1 10 -1 -1 -1 2 -1 -1 16 -1 1 19 -1 -1 -1 8 -1 -1 -1 24 -1 -1 -1 -1 -1 
3
2 -383 559 -1 -1 -1 -1 0 -1 -1 -1 -1 -1 -1 -1 -1 -1 -1 -1 -1 -1 17 -1 -1 -1 -1 15 -1 -1 -1 -1 -1 -1 -1 14 -1 -1 -1 -1 -1 -1 -1 -1 -1 -1 -1 -1 -1 5 11 25 -1 -1 13 -1 -1 -1 21 -1 -1 18 -1 -1 -1 -1 -1 -1 -1 -1 -1 9 3 -1 -1 -1 -1 -1 -1 -1 10 -1 -1 -1 2 -1 -1 16 -1 1 19 -1 -1 -1 8 -1 -1 -1 24 -1 -1 -1 -1 -1 
3
2 34 702 -1 -1 -1 -1 0 -1 -1 -1 -1 -1 -1 -1 -1 -1 -1 -1 -1 -1 17 -1 -1 -1 -1 9 -1 -1 -1 -1 13 -1 -1 14 -1 -1 -1 -1 -1 -1 -1 -1 -1 -1 -1 -1 -1 10 11 25 -1 -1 5 -1 -1 -1 21 -1 -1 18 -1 -1 -1 -1 -1 -1 -1 -1 -1 8 3 -1 -1 -1 -1 -1 -1 -1 15 -1 -1 -1 2 -1 -1 16 -1 1 19 -1 -1 -1 27 -1 -1 -1 24 -1 -1 -1 -1 -1 
3
1 915 13 -1 -1 -1 -1 0 -1 -1 13 -1 -1 -1 -1 -1 -1 -1 -1 -1 -1 17 -1 -1 -1 -1 8 -1 -1 -1 -1 5 -1 -1 14 -1 -1 -1 -1 -1 -1 -1 -1 -1 -1 -1 -1 -1 15 11 25 -1 -1 10 -1 -1 -1 21 -1 -1 28 -1 -1 -1 -1 -1 -1 -1 -1 -1 27 18 -1 -1 -1 -1 -1 -1 -1 9 -1 -1 -1 2 -1 -1 16 -1 1 19 -1 -1 -1 3 -1 -1 -1 24 -1 -1 -1 -1 -1 
3
1 948 81 -1 -1 -1 -1 0 -1 -1 13 -1 -1 -1 -1 -1 29 -1 -1 -1 -1 17 -1 -1 -1 -1 8 -1 -1 -1 -1 5 -1 -1 14 -1 -1 -1 -1 -1 -1 -1 -1 -1 -1 -1 -1 -1 15 11 25 -1 -1 10 -1 -1 -1 21 -1 -1 28 -1 -1 -1 -1 -1 -1 -1 -1 -1 27 18 -1 -1 -1 -1 -1 -1 -1 9 -1 -1 -1 2 -1 -1 16 -1 1 19 -1 -1 -1 3 -1 -1 -1 24 -1 -1 -1 -1 -1 
3
2 706 306 -1 -1 -1 -1 0 -1 -1 13 -1 -1 -1 -1 -1 29 -1 -1 -1 -1 17 -1 -1 -1 -1 8 -1 -1 -1 -1 5 -1 -1 14 -1 -1 -1 -1 -1 -1 -1 -1 -1 -1 -1 -1 -1 15 11 25 -1 -1 10 -1 -1 -1 21 -1 -1 28 -1 -1 -1 -1 -1 -1 -1 -1 -1 27 18 -1 -1 -1 -1 -1 -1 -1 9 -1 -1 -1 2 30 -1 16 -1 1 19 -1 -1 -1 3 -1 -1 -1 24 -1 -1 -1 -1 -1 
3
2 910 358 -1 -1 -1 -1 0 -1 -1 5 -1 -1 -1 -1 -1 29 -1 -1 -1 -1 17 -1 -1 -1 -1 8 -1 -1 -1 -1 10 -1 -1 14 -1 -1 -1 -1 -1 -1 -1 -1 -1 -1 -1 -1 -1 15 11 25 -1 -1 31 -1 -1 -1 21 -1 -1 28 -1 -1 -1 -1 -1 -1 13 -1 -1 27 18 -1 -1 -1 -1 -1 -1 -1 9 -1 -1 -1 2 30 -1 16 -1 1 19 -1 -1 -1 3 -1 -1 -1 24 -1 -1 -1 -1 -1 
3
2 304 663 -1 -1 -1 -1 0 -1 -1 10 -1 -1 -1 -1 -1 29 -1 -1 -1 -1 17 -1 -1 -1 -1 8 -1 -1 -1 -1 31 -1 -1 14 -1 13 -1 -1 -1 -1 -1 -1 -1 -1 -1 -1 -1 15 11 25 -1 -1 32 -1 -1 -1 21 -1 -1 28 -1 -1 -1 -1 -1 -1 5 -1 -1 27 18 -1 -1 -1 -1 -1 -1 -1 9 -1 -1 -1 2 30 -1 16 -1 1 19 -1 -1 -1 3 -1 -1 -1 24 -1 -1 -1 -1 -1 
3
2 734 508 -1 -1 -1 -1 0 -1 -1 31 -1 -1 -1 -1 -1 29 -1 -1 -1 13 17 -1 -1 -1 -1 27 -1 -1 -1 -1 32 -1 -1 14 -1 5 -1 -1 -1 -1 -1 -1 -1 -1 -1 -1 -1 9 11 25 -1 -1 15 -1 -1 -1 21 -1 -1 28 -1 -1 -1 -1 -1 -1 10 -1 -1 3 33 -1 -1 -1 -1 -1 -1 -1 8 -1 -1 -1 2 30 -1 16 -1 1 19 -1 -1 -1 18 -1 -1 -1 24 -1 -1 -1 -1 -1 
3
1 -280 4 -1 -1 -1 -1 0 -1 -1 32 -1 -1 -1 -1 -1 29 -1 -1 -1 5 17 -1 -1 -1 -1 27 -1 -1 -1 -1 15 -1 -1 14 -1 10 -1 -1 -1 -1 -1 -1 -1 -1 -1 -1 -1 34 11 25 -1 -1 9 -1 -1 -1 21 -1 -1 28 13 -1 -1 -1 -1 -1 31 -1 -1 3 33 -1 -1 -1 -1 -1 -1 -1 8 -1 -1 -1 2 30 -1 16 -1 1 19 -1 -1 -1 18 -1 -1 -1 24 -1 -1 -1 -1 -1 
3
2 962 377 -1 -1 -1 -1 0 -1 -1 32 -1 -1 -1 -1 -1 29 -1 -1 -1 5 17 -1 -1 -1 -1 27 -1 -1 -1 -1 15 -1 -1 14 -1 10 -1 -1 -1 -1 -1 -1 -1 -1 -1 -1 -1 34 11 25 -1 -1 9 -1 -1 -1 21 -1 -1 28 13 -1 -1 -1 -1 -1 31 -1 -1 3 33 -1 -1 -1 -1 -1 -1 -1 8 -1 -1 -1 2 30 -1 16 -1 1 19 -1 -1 -1 18 -1 -1 -1 24 -1 -1 -1 -1 -1 
3
2 631 633 -1 -1 -1 -1 0 -1 -1 36 -1 -1 -1 -1 -1 29 -1 -1 -1 10 17 -1 -1 -1 -1 27 -1 -1 -1 -1 15 -1 -1 14 -1 31 -1 -1 -1 -1 -1 -1 -1 -1 -1 -1 -1 34 11 25 -1 -1 9 -1 -1 -1 21 -1 -1 28 5 -1 -1 13 -1 -1 32 -1 -1 3 33 -1 -1 -1 -1 -1 -1 -1 8 -1 -1 -1 2 30 -1 16 -1 1 19 -1 -1 -1 18 -1 -1 -1 24 -1 -1 -1 -1 -1 
3
2 194 424 -1 -1 -1 -1 0 -1 -1 15 -1 -1 -1 -1 -1 29 -1 -1 -1 31 17 -1 -1 -1 -1 3 -1 -1 -1 -1 9 -1 -1 14 -1 32 -1 -1 -1 -1 -1 -1 -1 -1 -1 -1 -1 8 11 25 -1 -1 34 -1 -1 -1 21 -1 -1 28 10 -1 13 5 -1 -1 36 -1 -1 18 33 -1 -1 -1 -1 -1 -1 -1 27 -1 -1 -1 2 30 -1 16 -1 1 19 -1 -1 -1 37 -1 -1 -1 24 -1 -1 -1 -1 -1 
3
2 -320 18 -1 -1 -1 -1 0 -1 -1 38 -1 -1 -1 -1 -1 29 -1 -1 -1 32 17 -1 -1 -1 -1 3 -1 -1 -1 -1 9 -1 -1 14 -1 36 -1 -1 -1 -1 -1 -1 -1 -1 -1 -1 -1 8 11 25 -1 -1 34 -1 -1 -1 21 -1 -1 28 31 -1 5 10 -1 -1 15 -1 -1 18 33 -1 -1 -1 -1 -1 -1 -1 27 -1 -1 -1 2 30 -1 16 -1 1 13 -1 -1 -1 37 -1 -1 -1 24 -1 -1 -1 -1 -1 
3
2 -392 580 -1 -1 -1 -1 0 -1 -1 38 -1 -1 -1 -1 -1 29 -1 -1 -1 32 17 -1 -1 -1 -1 3 -1 -1 -1 -1 9 39 -1 14 -1 36 -1 -1 -1 -1 -1 -1 -1 -1 -1 -1 -1 8 11 25 -1 -1 34 -1 -1 -1 21 -1 -1 28 31 -1 5 10 -1 -1 15 -1 -1 18 33 -1 -1 -1 -1 -1 -1 -1 27 -1 -1 -1 2 30 -1 16 -1 1 13 -1 -1 -1 37 -1 -1 -1 24 -1 -1 -1 -1 -1 
3
1 594 70 -1 -1 -1 -1 0 -1 -1 9 -1 -1 -1 -1 -1 29 -1 -1 -1 36 17 -1 -1 -1 -1 18 -1 -1 -1 -1 34 39 -1 14 -1 15 -1 -1 -1 -1 -1 -1 -1 -1 -1 -1 -1 27 11 25 -1 -1 8 -1 -1 -1 21 -1 13 28 32 -1 10 31 -1 -1 38 -1 -1 40 33 -1 -1 -1 -1 -1 -1 -1 3 -1 -1 -1 2 30 -1 16 -1 1 5 -1 -1 -1 37 -1 -1 -1 24 -1 -1 -1 -1 -1 
3
2 -134 871 -1 -1 -1 -1 0 -1 -1 9 -1 -1 -1 -1 -1 29 -1 -1 -1 36 17 -1 -1 -1 -1 18 -1 -1 -1 -1 34 39 -1 14 -1 15 -1 -1 -1 -1 -1 -1 -1 -1 -1 -1 -1 27 11 25 -1 -1 8 -1 -1 -1 21 -1 13 28 32 -1 10 31 -1 -1 38 -1 -1 40 33 -1 -1 -1 -1 -1 -1 -1 3 -1 -1 -1 2 30 -1 16 -1 1 5 -1 -1 -1 37 -1 -1 -1 24 -1 -1 -1 -1 -1 
3
2 -217 654 -1 -1 -1 -1 2 -1 -1 34 -1 -1 -1 -1 -1 29 -1 -1 -1 15 11 -1 -1 -1 -1 40 -1 -1 -1 -1 8 39 -1 14 -1 38 -1 -1 -1 -1 -1 -1 -1 -1 -1 -1 -1 3 21 42 -1 -1 27 -1 13 -1 25 -1 5 0 36 -1 31 32 -1 -1 9 -1 -1 37 28 -1 -1 -1 -1 -1 -1 -1 18 -1 -1 -1 17 30 -1 16 -1 1 10 -1 -1 -1 33 -1 -1 -1 24 -1 -1 -1 -1 -1 
3
2 494 34 -1 -1 -1 -1 2 -1 -1 8 -1 -1 -1 -1 -1 29 -1 -1 -1 38 11 -1 -1 -1 -1 37 -1 -1 -1 -1 27 39 -1 14 -1 9 -1 -1 -1 -1 -1 -1 -1 -1 -1 -1 -1 18 21 42 -1 -1 3 -1 5 -1 25 -1 10 0 15 -1 32 36 -1 -1 34 -1 -1 43 28 -1 -1 -1 -1 13 -1 -1 40 -1 -1 -1 17 30 -1 16 -1 1 31 -1 -1 -1 33 -1 -1 -1 24 -1 -1 -1 -1 -1 
3
1 -187 65 -1 -1 -1 -1 2 -1 -1 8 -1 -1 -1 -1 -1 29 -1 -1 -1 38 11 -1 -1 -1 -1 37 -1 -1 -1 -1 27 44 -1 14 -1 9 -1 -1 -1 -1 -1 -1 -1 -1 -1 -1 -1 18 21 42 -1 -1 3 39 5 -1 25 -1 10 0 15 -1 32 36 -1 -1 34 -1 -1 43 28 -1 -1 -1 -1 13 -1 -1 40 -1 -1 -1 17 30 -1 16 -1 1 31 -1 -1 -1 33 -1 -1 -1 24 -1 -1 -1 -1 -1 
3
2 865 110 -1 -1 -1 -1 2 -1 -1 8 -1 -1 -1 -1 -1 29 -1 -1 -1 38 11 -1 -1 -1 -1 37 -1 -1 -1 -1 27 44 -1 14 -1 9 -1 -1 -1 -1 -1 -1 -1 -1 -1 -1 -1 18 21 42 -1 -1 3 39 5 -1 25 -1 10 0 15 -1 32 36 -1 -1 34 -1 -1 43 28 -1 -1 -1 -1 13 -1 -1 40 -1 -1 -1 17 30 -1 16 -1 1 31 -1 -1 -1 33 -1 -1 -1 24 -1 -1 -1 -1 -1 
3
2 -694 534 -1 -1 -1 -1 2 -1 -1 8 -1 -1 -1 -1 -1 29 -1 -1 -1 38 11 -1 -1 -1 -1 37 -1 -1 -1 -1 27 46 -1 14 -1 9 -1 -1 -1 -1 -1 -1 -1 -1 -1 -1 -1 18 21 42 -1 -1 3 44 5 -1 25 -1 10 0 15 -1 32 36 -1 -1 34 -1 -1 43 28 -1 -1 -1 -1 13 -1 -1 40 -1 -1 -1 17 30 -1 16 -1 1 31 -1 -1 -1 33 -1 -1 -1 24 -1 -1 -1 -1 39 
3
1 -494 75 -1 39 -1 -1 2 -1 -1 8 -1 -1 -1 -1 -1 29 -1 -1 -1 9 11 -1 -1 -1 -1 37 -1 -1 -1 -1 27 13 -1 14 -1 34 -1 -1 -1 -1 -1 -1 -1 -1 -1 -1 -1 18 21 42 -1 -1 3 46 10 -1 25 -1 31 0 38 -1 36 15 -1 -1 47 -1 -1 43 28 -1 -1 -1 -1 5 -1 -1 40 -1 -1 -1 17 30 -1 16 -1 1 32 -1 -1 -1 33 -1 -1 -1 24 -1 -1 -1 -1 44 
3
2 -627 574 -1 39 -1 -1 2 -1 -1 8 -1 -1 -1 -1 -1 29 -1 -1 -1 9 11 -1 -1 -1 -1 37 -1 -1 -1 -1 27 13 -1 14 -1 34 -1 -1 -1 -1 -1 -1 -1 -1 -1 -1 -1 18 21 42 -1 -1 3 46 10 -1 25 -1 31 0 38 -1 36 15 -1 -1 47 -1 -1 43 28 -1 -1 -1 -1 5 -1 -1 40 -1 -1 -1 17 30 -1 16 -1 1 32 -1 -1 -1 33 -1 -1 -1 24 -1 -1 -1 -1 44 
3
1 39 17 -1 44 -1 -1 2 -1 -1 27 -1 39 -1 -1 -1 29 -1 -1 -1 34 11 -1 -1 -1 -1 37 -1 -1 -1 -1 3 5 -1 14 -1 47 -1 -1 -1 -1 -1 -1 -1 -1 -1 -1 -1 18 21 42 -1 -1 49 13 31 -1 25 -1 32 0 9 -1 15 38 -1 -1 8 -1 -1 43 28 -1 -1 -1 -1 10 -1 -1 40 -1 -1 -1 17 30 -1 16 -1 1 36 -1 -1 -1 33 -1 -1 -1 24 -1 -1 -1 -1 46 
3
1 606 12 -1 44 -1 -1 2 -1 -1 27 -1 39 -1 -1 -1 29 -1 -1 -1 34 11 -1 -1 -1 -1 37 -1 -1 -1 -1 3 5 -1 14 -1 47 -1 -1 -1 -1 -1 -1 -1 -1 -1 -1 -1 18 21 42 -1 -1 49 13 31 -1 25 -1 32 0 9 -1 15 38 -1 -1 8 -1 -1 43 28 -1 -1 -1 -1 10 -1 -1 40 -1 -1 -1 17 30 -1 16 -1 1 36 -1 -1 -1 33 -1 -1 -1 24 -1 -1 -1 -1 46 
3
2 -516 684 -1 44 -1 -1 2 -1 -1 27 -1 39 -1 -1 51 29 -1 -1 -1 34 11 -1 -1 -1 -1 37 -1 -1 -1 -1 3 5 -1 14 -1 47 -1 -1 -1 -1 -1 -1 -1 -1 -1 -1 -1 18 21 42 -1 -1 49 13 31 -1 25 -1 32 0 9 -1 15 38 -1 -1 8 -1 -1 43 28 -1 -1 -1 -1 10 -1 -1 40 -1 -1 -1 17 30 -1 16 -1 1 36 -1 -1 -1 33 -1 -1 -1 24 -1 -1 -1 -1 46 
3
2 460 487 -1 46 -1 -1 2 -1 -1 3 -1 44 -1 -1 51 29 -1 -1 -1 47 11 -1 -1 -1 -1 43 -1 -1 -1 -1 49 10 -1 14 -1 8 -1 -1 -1 -1 -1 -1 -1 -1 -1 -1 -1 40 21 42 -1 -1 18 5 32 -1 25 -1 36 0 34 -1 38 9 -1 -1 27 -1 39 33 28 -1 -1 -1 -1 31 -1 -1 37 -1 -1 -1 17 30 -1 16 -1 1 15 -1 -1 -1 52 -1 -1 -1 24 -1 -1 -1 -1 13 
3
2 526 30 -1 13 -1 -1 2 -1 -1 3 -1 46 -1 -1 51 29 -1 -1 -1 47 11 -1 -1 -1 -1 43 -1 -1 -1 -1 49 31 -1 14 -1 8 -1 -1 -1 -1 -1 -1 -1 -1 39 -1 -1 40 21 42 -1 -1 18 10 36 -1 25 -1 15 0 34 -1 9 53 -1 -1 27 -1 44 33 28 -1 -1 -1 -1 32 -1 -1 37 -1 -1 -1 17 30 -1 16 -1 1 38 -1 -1 -1 52 -1 -1 -1 24 -1 -1 -1 -1 5 
3
2 -419 443 -1 13 -1 -1 2 -1 -1 3 -1 46 -1 -1 51 29 -1 -1 -1 47 11 -1 -1 -1 -1 43 -1 -1 -1 -1 49 31 -1 14 -1 8 -1 -1 -1 -1 -1 -1 -1 -1 54 -1 -1 40 21 42 -1 -1 18 10 36 39 25 -1 15 0 34 -1 9 53 -1 -1 27 -1 44 33 28 -1 -1 -1 -1 32 -1 -1 37 -1 -1 -1 17 30 -1 16 -1 1 38 -1 -1 -1 52 -1 -1 -1 24 -1 -1 -1 -1 5 
3
1 628 26 -1 5 -1 -1 2 -1 -1 3 -1 13 -1 -1 51 29 -1 -1 -1 47 11 -1 -1 -1 -1 43 -1 -1 -1 -1 49 32 -1 14 -1 8 -1 -1 -1 -1 -1 -1 -1 -1 44 -1 -1 40 21 42 -1 -1 18 31 15 54 25 -1 38 0 34 -1 9 53 -1 -1 27 -1 46 33 28 -1 39 -1 -1 36 -1 -1 37 -1 -1 -1 17 30 -1 16 -1 1 55 -1 -1 -1 52 -1 -1 -1 24 -1 -1 -1 -1 10 
3
1 733 96 -1 5 -1 -1 2 -1 -1 3 -1 13 -1 -1 51 29 -1 -1 -1 47 11 -1 -1 -1 -1 43 -1 -1 -1 -1 49 32 -1 14 -1 8 -1 -1 -1 -1 -1 -1 -1 -1 44 -1 -1 40 21 42 -1 -1 18 31 15 54 25 -1 38 0 34 -1 9 53 -1 -1 27 -1 46 33 28 -1 39 -1 -1 36 -1 -1 37 -1 -1 -1 17 30 -1 16 -1 1 55 -1 -1 -1 52 -1 -1 -1 24 -1 -1 -1 -1 10 
3
1 9 24 -1 5 -1 -1 2 -1 -1 3 -1 13 -1 -1 51 29 -1 -1 -1 47 11 -1 -1 -1 -1 43 -1 -1 -1 -1 49 32 -1 14 -1 8 -1 -1 -1 -1 -1 -1 -1 -1 44 -1 -1 40 21 42 -1 -1 18 31 15 54 25 -1 38 0 34 -1 9 53 -1 -1 27 -1 46 33 28 -1 39 -1 -1 36 -1 -1 37 -1 -1 -1 17 30 -1 16 -1 1 55 -1 -1 -1 52 -1 -1 -1 24 -1 57 -1 -1 10 
3
1 -52 80 -1 5 -1 -1 2 -1 -1 3 -1 13 -1 -1 51 29 -1 -1 -1 47 11 -1 -1 -1 -1 43 -1 -1 -1 -1 49 32 -1 14 -1 8 -1 -1 -1 -1 -1 -1 -1 -1 44 -1 -1 40 21 42 -1 -1 18 31 15 54 25 -1 38 0 34 -1 9 53 -1 -1 27 -1 46 33 28 -1 39 -1 -1 36 -1 -1 37 -1 -1 -1 17 30 -1 16 -1 1 55 -1 -1 -1 52 -1 -1 -1 24 -1 57 -1 -1 10 
3
1 52 77 -1 5 -1 -1 2 -1 -1 3 -1 13 -1 -1 51 29 -1 -1 -1 47 11 -1 -1 -1 -1 43 -1 -1 -1 -1 49 32 -1 14 -1 8 -1 -1 -1 -1 -1 -1 -1 -1 44 -1 -1 40 21 42 -1 -1 18 31 15 54 25 -1 38 0 34 -1 9 53 -1 -1 27 -1 46 33 28 -1 39 -1 -1 36 -1 -1 37 -1 -1 -1 17 30 -1 16 -1 1 55 -1 -1 -1 52 -1 -1 -1 24 -1 57 -1 -1 10 
3
2 465 739 -1 5 -1 -1 2 -1 -1 3 -1 13 -1 -1 51 29 -1 -1 -1 47 11 -1 -1 -1 -1 43 -1 -1 -1 -1 49 32 -1 14 -1 8 -1 -1 -1 -1 -1 -1 -1 -1 44 -1 -1 40 21 42 -1 -1 18 31 15 54 25 -1 38 0 34 -1 9 53 -1 -1 27 -1 46 33 28 -1 39 -1 -1 36 -1 -1 37 60 -1 -1 17 30 -1 16 -1 1 55 -1 -1 -1 52 -1 -1 -1 24 -1 57 -1 -1 10 
3
2 -719 376 -1 10 -1 -1 2 -1 -1 49 -1 5 -1 -1 51 29 -1 39 -1 8 11 -1 -1 -1 -1 33 -1 -1 -1 -1 18 36 -1 14 -1 27 -1 -1 -1 -1 -1 -1 -1 -1 46 -1 -1 37 21 42 -1 -1 40 32 38 44 25 -1 55 61 47 -1 53 34 -1 -1 3 -1 13 52 0 -1 54 -1 -1 15 -1 -1 43 60 -1 -1 17 30 -1 16 -1 1 9 -1 -1 -1 28 -1 -1 -1 24 -1 57 -1 -1 31 
3
2 327 497 39 31 -1 -1 2 -1 -1 49 -1 10 -1 -1 51 29 -1 54 -1 8 11 -1 -1 -1 -1 33 -1 -1 -1 -1 18 36 -1 14 -1 27 -1 -1 -1 -1 -1 -1 -1 -1 13 -1 -1 37 21 42 -1 -1 40 62 38 46 25 -1 55 61 47 -1 53 34 -1 -1 3 -1 5 52 0 -1 44 -1 -1 15 -1 -1 43 60 -1 -1 17 30 -1 16 -1 1 9 -1 -1 -1 28 -1 -1 -1 24 -1 57 -1 -1 32 
3
2 -829 348 39 32 -1 -1 2 -1 -1 49 -1 31 -1 -1 51 29 -1 54 -1 8 11 -1 -1 -1 44 33 -1 -1 -1 -1 18 15 -1 14 -1 27 -1 -1 -1 -1 -1 -1 -1 -1 5 -1 -1 37 21 42 -1 -1 40 36 55 13 25 -1 9 61 47 -1 63 34 -1 -1 3 -1 10 52 0 -1 46 -1 -1 38 -1 -1 43 60 -1 -1 17 30 -1 16 -1 1 53 -1 -1 -1 28 -1 -1 -1 24 -1 57 -1 -1 62 
3
2 -468 424 54 32 -1 -1 2 -1 -1 49 -1 64 -1 -1 51 29 -1 44 -1 8 11 -1 -1 -1 46 33 -1 -1 -1 -1 18 15 -1 14 -1 27 -1 -1 -1 -1 -1 -1 -1 -1 10 -1 -1 37 21 42 -1 -1 40 36 55 5 25 -1 9 61 47 -1 63 34 -1 -1 3 -1 31 52 0 -1 13 -1 -1 38 -1 -1 43 60 -1 -1 17 30 -1 16 39 1 53 -1 -1 -1 28 -1 -1 -1 24 -1 57 -1 -1 62 
3
2 -406 272 54 62 -1 -1 2 -1 -1 49 -1 32 -1 -1 51 29 -1 46 -1 8 11 -1 -1 -1 13 33 -1 -1 -1 44 18 38 -1 14 -1 27 -1 -1 -1 -1 -1 -1 -1 -1 31 -1 -1 37 21 42 -1 -1 40 15 55 10 25 -1 9 61 47 -1 63 34 -1 -1 3 -1 64 52 0 -1 5 -1 -1 65 -1 -1 43 60 -1 -1 17 30 -1 16 39 1 53 -1 -1 -1 28 -1 -1 -1 24 -1 57 -1 -1 36 
3
2 698 549 44 62 -1 -1 2 -1 -1 49 -1 32 -1 -1 51 29 -1 13 -1 8 11 -1 -1 -1 5 33 -1 -1 -1 46 18 38 -1 14 39 27 -1 -1 -1 -1 -1 -1 -1 -1 31 -1 -1 37 21 42 -1 -1 40 15 55 66 25 -1 9 61 47 -1 63 34 -1 -1 3 -1 64 52 0 -1 10 -1 -1 65 -1 -1 43 60 -1 -1 17 30 -1 16 54 1 53 -1 -1 -1 28 -1 -1 -1 24 -1 57 -1 -1 36 
3
1 652 77 46 36 -1 -1 2 -1 -1 49 -1 62 -1 -1 51 29 -1 5 -1 67 11 -1 -1 -1 10 33 -1 -1 -1 13 18 65 -1 14 54 27 -1 -1 39 -1 -1 -1 -1 -1 64 -1 -1 37 21 42 -1 -1 40 38 9 31 25 -1 53 61 8 -1 34 47 -1 -1 3 -1 32 52 0 -1 66 -1 -1 55 -1 -1 43 60 -1 -1 17 30 -1 16 44 1 63 -1 -1 -1 28 -1 -1 -1 24 -1 57 -1 -1 15 
3
1 224 20 46 36 -1 -1 2 -1 -1 49 -1 62 -1 -1 51 29 -1 5 -1 67 11 -1 -1 -1 10 33 -1 -1 -1 13 18 65 -1 14 54 27 -1 -1 39 -1 -1 -1 -1 -1 64 -1 -1 37 21 42 -1 -1 40 38 9 31 25 -1 53 61 8 -1 34 47 -1 -1 3 -1 32 52 0 -1 66 -1 -1 55 -1 -1 43 68 -1 -1 17 30 -1 16 44 1 63 -1 -1 -1 28 -1 -1 -1 24 -1 57 -1 -1 15 
3
2 177 895 46 36 -1 -1 2 -1 -1 49 -1 62 -1 -1 51 29 -1 5 -1 67 11 -1 -1 -1 10 33 -1 -1 -1 13 18 65 -1 14 54 27 -1 -1 39 -1 -1 -1 -1 -1 64 -1 -1 37 21 42 -1 -1 40 38 9 31 25 -1 53 61 8 -1 34 47 -1 -1 3 -1 32 52 0 -1 66 -1 -1 55 -1 -1 43 68 -1 -1 17 30 -1 16 44 1 63 -1 -1 -1 28 -1 -1 -1 24 -1 57 -1 -1 15 
3
1 -118 23 13 15 -1 -1 17 -1 -1 18 -1 36 -1 -1 51 29 -1 10 -1 27 21 -1 -1 -1 66 52 -1 -1 -1 5 40 55 -1 14 44 3 -1 -1 54 -1 -1 -1 -1 -1 32 -1 -1 43 25 16 -1 -1 37 65 53 64 42 -1 63 2 67 -1 47 8 -1 -1 49 -1 62 28 61 -1 31 -1 -1 9 -1 -1 33 68 -1 -1 11 30 -1 70 46 1 34 -1 -1 -1 0 39 -1 -1 24 -1 57 -1 -1 38 
3
2 568 575 13 15 -1 -1 17 -1 -1 18 -1 36 -1 -1 51 29 -1 10 -1 27 21 -1 -1 -1 66 52 -1 -1 -1 5 40 55 -1 14 44 3 -1 -1 54 -1 -1 -1 -1 -1 32 -1 -1 43 25 16 -1 -1 37 65 53 64 42 -1 63 2 67 -1 47 8 -1 -1 49 -1 62 28 61 -1 31 -1 -1 9 -1 -1 33 68 -1 -1 11 30 -1 70 46 1 34 -1 -1 -1 0 39 -1 -1 24 -1 57 -1 -1 38 
3
2 -157 582 5 38 -1 -1 17 -1 -1 18 -1 15 -1 -1 51 29 -1 66 -1 3 21 -1 -1 -1 31 52 -1 -1 -1 10 40 9 -1 14 46 49 -1 -1 44 -1 -1 -1 -1 -1 62 -1 -1 43 25 16 -1 -1 37 55 63 32 42 -1 34 2 27 -1 8 67 -1 -1 72 -1 36 28 61 -1 64 -1 -1 53 -1 -1 33 68 -1 39 11 30 -1 70 13 1 47 -1 -1 -1 0 54 -1 -1 24 -1 57 -1 -1 65 
3
1 -8 5 10 65 -1 -1 17 -1 -1 40 -1 38 -1 -1 51 46 -1 31 -1 49 21 -1 -1 -1 64 52 -1 -1 -1 66 73 53 -1 14 13 72 -1 -1 44 -1 -1 -1 -1 -1 36 -1 -1 43 25 16 -1 -1 37 9 34 62 42 -1 47 2 3 -1 67 27 -1 -1 18 -1 15 28 61 -1 32 -1 -1 63 -1 -1 33 68 -1 39 11 30 -1 70 5 1 8 -1 -1 -1 0 54 -1 -1 24 -1 57 -1 -1 55 
3
1 -201 20 10 65 -1 -1 17 -1 -1 40 -1 38 -1 -1 51 46 -1 31 -1 49 21 -1 -1 -1 64 52 -1 -1 -1 66 73 53 -1 14 13 72 -1 -1 44 -1 -1 -1 -1 -1 36 -1 -1 43 25 16 -1 -1 37 9 34 62 42 -1 47 2 3 -1 67 27 -1 -1 18 -1 15 28 61 -1 32 -1 -1 63 -1 -1 33 68 -1 39 11 30 -1 70 5 1 8 -1 -1 -1 0 54 -1 -1 24 -1 57 -1 -1 55 
3
1 135 94 10 65 -1 -1 17 -1 -1 40 -1 38 -1 -1 51 46 -1 31 -1 49 21 -1 -1 -1 64 52 -1 -1 -1 66 73 53 -1 14 13 72 -1 -1 44 -1 -1 -1 -1 -1 36 -1 -1 43 25 16 -1 -1 37 9 34 62 42 -1 47 2 3 -1 67 27 -1 -1 18 -1 15 28 61 -1 32 -1 -1 63 -1 -1 33 68 -1 39 11 30 -1 70 5 1 8 -1 -1 -1 0 54 -1 -1 24 -1 57 -1 -1 55 
3
2 831 851 10 65 -1 -1 17 -1 -1 40 -1 38 -1 -1 51 46 -1 31 -1 49 21 -1 -1 -1 64 52 -1 -1 -1 66 73 53 -1 14 13 72 -1 -1 44 -1 -1 -1 -1 -1 36 -1 -1 43 25 16 -1 -1 37 9 34 62 42 -1 47 2 3 -1 67 27 -1 -1 18 -1 15 28 61 -1 32 -1 -1 63 -1 -1 33 68 -1 39 11 30 -1 70 5 1 8 -1 -1 -1 0 54 -1 -1 24 -1 57 -1 -1 55 
3
2 -110 447 66 55 -1 -1 11 -1 -1 73 -1 65 -1 -1 51 13 -1 64 -1 72 21 -1 -1 -1 32 28 -1 -1 -1 31 37 63 -1 39 5 18 -1 -1 46 -1 -1 -1 -1 -1 15 -1 -1 33 25 16 -1 -1 43 53 47 36 42 -1 8 17 49 -1 27 3 -1 -1 40 -1 38 0 2 -1 62 -1 -1 34 -1 -1 52 68 -1 54 77 30 -1 70 10 1 67 -1 -1 -1 61 44 -1 -1 24 -1 57 -1 -1 9 
3
1 223 71 31 78 -1 -1 11 -1 -1 73 -1 55 -1 -1 51 5 -1 32 -1 72 21 -1 -1 -1 62 28 -1 -1 -1 64 37 63 -1 54 10 18 -1 -1 13 -1 -1 -1 -1 -1 38 -1 -1 33 25 16 -1 -1 43 53 47 15 42 -1 8 17 49 -1 27 3 -1 -1 40 -1 65 0 2 -1 36 -1 -1 34 -1 -1 52 68 -1 44 77 30 -1 70 66 1 67 -1 -1 -1 61 46 -1 -1 24 -1 57 -1 -1 9 
3
1 -256 2 31 78 -1 -1 11 -1 -1 73 -1 55 -1 -1 51 5 -1 32 -1 72 21 -1 -1 -1 62 28 -1 -1 -1 64 37 63 -1 54 10 18 -1 -1 13 -1 -1 -1 -1 -1 38 -1 -1 33 25 16 -1 -1 43 53 47 15 42 -1 8 17 49 -1 27 3 -1 -1 40 -1 65 0 2 -1 36 -1 -1 34 -1 -1 52 68 -1 44 77 30 -1 70 66 1 67 -1 -1 -1 61 46 -1 -1 24 -1 57 -1 -1 9 
3
2 819 886 31 78 80 -1 11 -1 -1 73 -1 55 -1 -1 51 5 -1 32 -1 72 21 -1 -1 -1 62 28 -1 -1 -1 64 37 63 -1 54 10 18 -1 -1 13 -1 -1 -1 -1 -1 38 -1 -1 33 25 16 -1 -1 43 53 47 15 42 -1 8 17 49 -1 27 3 -1 -1 40 -1 65 0 2 -1 36 -1 -1 34 -1 -1 52 68 -1 44 77 30 -1 70 66 1 67 -1 -1 -1 61 46 -1 -1 24 -1 57 -1 -1 9 
3
2 -500 401 64 9 80 -1 77 -1 -1 37 -1 78 -1 -1 51 10 -1 62 -1 18 25 -1 -1 -1 36 0 -1 -1 -1 32 43 34 -1 44 66 40 -1 -1 5 -1 -1 -1 -1 -1 65 -1 -1 52 42 16 -1 -1 33 63 8 38 81 -1 67 11 72 -1 3 49 -1 -1 73 -1 55 61 17 -1 15 -1 -1 47 54 -1 28 68 -1 46 21 30 -1 70 31 1 27 -1 -1 -1 2 13 -1 -1 24 -1 57 -1 -1 53 
3
2 756 917 32 9 80 -1 77 -1 -1 37 -1 78 -1 -1 51 66 -1 36 -1 18 25 -1 44 -1 15 0 -1 -1 -1 62 43 34 -1 46 31 40 -1 -1 10 -1 -1 -1 -1 -1 65 -1 -1 52 42 16 -1 -1 33 63 8 38 81 -1 67 11 72 -1 3 49 -1 -1 73 -1 55 61 17 -1 82 -1 -1 47 54 -1 28 68 -1 13 21 30 -1 70 64 1 27 -1 -1 -1 2 5 -1 -1 24 -1 57 -1 -1 53 
3
2 866 491 62 53 80 -1 21 -1 -1 43 -1 9 -1 -1 51 31 -1 15 -1 40 42 -1 46 -1 82 61 -1 -1 -1 36 33 47 -1 13 64 73 -1 -1 66 -1 -1 -1 -1 -1 55 -1 -1 28 81 70 -1 -1 52 34 67 65 16 -1 27 77 18 -1 49 72 -1 -1 37 -1 78 2 11 -1 38 -1 -1 8 44 -1 0 68 -1 5 25 30 -1 24 32 83 3 -1 -1 -1 17 10 -1 54 1 -1 57 -1 -1 63 
3
2 756 897 36 84 80 -1 21 -1 -1 43 46 53 -1 -1 51 64 -1 82 -1 40 42 -1 13 -1 38 61 -1 -1 -1 15 33 47 -1 5 32 73 -1 -1 31 -1 -1 -1 -1 -1 78 -1 -1 28 81 70 -1 -1 52 34 67 55 16 -1 27 77 18 -1 49 72 -1 -1 37 -1 9 2 11 -1 65 -1 -1 8 44 -1 0 68 -1 10 25 30 -1 24 62 83 3 -1 -1 -1 17 66 -1 54 1 -1 57 -1 -1 63 
3
2 -563 85 15 63 80 -1 25 -1 -1 33 13 84 -1 -1 51 32 -1 38 -1 73 81 -1 5 -1 65 2 -1 -1 -1 82 52 8 -1 10 62 37 -1 -1 64 -1 -1 -1 -1 -1 9 -1 -1 0 16 24 -1 -1 28 47 27 78 70 -1 3 21 40 -1 72 18 -1 -1 43 -1 53 17 77 -1 55 -1 -1 67 46 -1 61 68 -1 66 42 30 -1 85 36 83 49 -1 -1 -1 11 31 -1 54 1 -1 57 -1 -1 34 
3
2 720 148 15 63 80 -1 25 -1 -1 33 13 84 -1 -1 51 32 -1 38 -1 73 81 -1 5 -1 65 2 -1 -1 -1 82 52 8 -1 10 62 37 -1 -1 64 -1 -1 -1 -1 -1 9 -1 -1 0 16 24 -1 -1 28 47 27 78 70 -1 3 21 40 -1 72 18 -1 -1 43 -1 53 17 77 -1 55 -1 -1 67 46 -1 61 68 -1 66 42 30 -1 85 36 83 49 -1 -1 -1 11 31 -1 54 1 -1 57 -1 -1 34 
3
2 -876 797 15 63 80 -1 25 -1 -1 33 87 84 -1 -1 51 32 -1 38 -1 73 81 -1 5 -1 65 2 -1 -1 -1 82 52 8 -1 10 62 37 -1 -1 64 -1 -1 -1 -1 -1 9 -1 -1 0 16 24 -1 -1 28 47 27 78 70 -1 3 21 40 -1 72 18 -1 -1 43 -1 53 17 77 -1 55 -1 -1 67 46 -1 61 68 -1 66 42 30 -1 85 36 83 49 -1 -1 -1 11 31 -1 54 1 -1 57 -1 -1 34 
3
2 8 766 82 34 80 -1 25 -1 -1 52 87 63 -1 -1 51 62 -1 65 -1 37 81 -1 10 -1 55 88 -1 -1 -1 38 28 67 -1 66 36 43 -1 -1 32 -1 -1 -1 -1 -1 53 -1 -1 61 16 24 -1 -1 0 8 3 9 70 -1 49 21 73 -1 18 40 -1 -1 33 -1 84 17 77 -1 78 -1 -1 27 46 -1 2 68 -1 31 42 30 -1 85 15 83 72 -1 -1 -1 11 64 -1 54 1 -1 57 -1 -1 47 
3
2 581 725 38 47 80 -1 25 -1 -1 28 87 34 -1 -1 51 36 -1 55 -1 43 81 -1 66 -1 78 88 -1 -1 -1 65 0 27 -1 31 15 33 -1 -1 62 -1 -1 -1 -1 -1 84 -1 -1 89 16 24 -1 -1 61 67 49 53 70 -1 72 21 37 -1 40 73 -1 -1 52 -1 63 17 77 -1 9 -1 -1 3 46 -1 2 68 -1 64 42 30 -1 85 82 83 18 -1 -1 -1 11 32 -1 54 1 -1 57 -1 -1 8 
3
2 158 399 65 8 80 -1 25 -1 -1 90 66 47 -1 -1 51 15 -1 78 -1 33 81 -1 31 -1 9 88 -1 -1 -1 55 0 3 -1 64 82 52 -1 -1 36 -1 -1 -1 -1 -1 63 -1 -1 89 16 24 -1 -1 61 27 72 84 70 -1 18 21 43 -1 73 37 -1 -1 28 -1 34 17 77 -1 53 -1 -1 49 87 -1 2 68 -1 32 42 30 -1 85 38 83 40 -1 -1 -1 11 62 -1 54 1 -1 57 -1 -1 67 
3
2 260 872 65 8 80 -1 25 -1 -1 90 31 47 -1 -1 51 91 -1 78 -1 33 81 -1 64 -1 9 88 -1 -1 -1 55 0 3 -1 32 82 52 -1 -1 15 -1 -1 -1 -1 -1 63 -1 -1 89 16 24 -1 -1 61 27 72 84 70 -1 18 21 43 -1 73 37 -1 -1 28 -1 34 17 77 -1 53 -1 -1 49 66 -1 2 68 -1 62 42 30 -1 85 38 83 40 -1 -1 -1 11 36 -1 54 1 -1 57 -1 -1 67 
3
2 775 555 55 67 80 -1 42 -1 -1 0 64 8 -1 -1 51 82 -1 9 -1 52 81 -1 32 -1 53 17 -1 -1 -1 78 61 49 -1 62 38 28 -1 -1 91 -1 -1 -1 -1 -1 34 -1 -1 2 16 24 -1 -1 89 3 18 63 70 -1 40 25 33 -1 37 43 -1 -1 90 -1 47 11 21 -1 84 -1 -1 72 31 -1 88 68 -1 36 92 30 -1 85 65 83 73 -1 -1 -1 77 15 -1 54 1 -1 57 -1 -1 27 
3
1 745 70 78 93 80 -1 42 -1 -1 0 32 67 -1 -1 51 38 -1 53 -1 52 81 -1 62 -1 84 17 -1 -1 -1 9 61 49 -1 36 65 28 -1 -1 82 -1 -1 -1 -1 -1 47 -1 -1 2 16 24 -1 -1 89 3 18 34 70 -1 40 25 33 -1 37 43 -1 -1 90 -1 8 11 21 -1 63 -1 -1 72 31 -1 88 68 -1 15 92 30 -1 85 55 83 73 -1 -1 -1 77 91 -1 54 1 -1 57 -1 -1 27 
3
2 -263 919 78 93 80 -1 42 -1 -1 0 32 67 -1 -1 51 38 -1 53 -1 52 81 -1 62 -1 84 17 -1 -1 -1 9 61 49 -1 36 65 28 -1 -1 82 -1 -1 -1 -1 -1 47 -1 -1 2 16 24 -1 -1 89 3 18 34 70 -1 40 25 33 -1 37 43 -1 -1 90 -1 8 11 21 -1 63 -1 -1 72 31 -1 88 68 -1 15 92 30 -1 85 55 83 73 -1 -1 -1 77 91 -1 54 1 -1 57 -1 -1 27 
3
1 959 79 9 27 80 -1 92 -1 -1 61 32 93 -1 -1 51 65 -1 84 -1 28 16 -1 36 -1 63 11 -1 -1 -1 53 89 72 -1 15 55 90 -1 -1 38 -1 -1 -1 -1 -1 8 -1 -1 88 70 85 -1 -1 2 49 40 47 24 -1 73 42 52 -1 43 33 -1 -1 0 -1 67 77 25 -1 34 -1 -1 18 31 -1 17 68 -1 91 81 30 -1 1 78 95 37 -1 -1 -1 21 82 -1 54 83 -1 57 -1 -1 3 
3
1 501 30 9 27 80 -1 92 -1 -1 61 32 93 -1 -1 51 65 -1 84 -1 28 16 -1 36 -1 63 11 -1 -1 -1 53 89 72 -1 15 55 90 -1 -1 38 -1 -1 -1 -1 -1 8 -1 -1 88 70 85 -1 -1 2 49 40 47 24 -1 73 42 52 -1 43 33 -1 -1 0 -1 67 77 25 -1 34 -1 -1 18 31 -1 17 68 -1 91 81 30 -1 1 78 95 37 -1 -1 -1 21 82 -1 54 83 -1 57 -1 -1 3 
3
2 362 45 9 27 80 -1 92 -1 -1 61 32 93 -1 -1 51 65 -1 84 -1 28 16 -1 36 -1 63 11 -1 -1 -1 53 89 72 -1 15 55 90 -1 -1 38 -1 -1 -1 -1 -1 8 -1 -1 88 70 85 -1 -1 2 49 40 47 24 -1 73 42 52 -1 43 33 -1 -1 0 -1 67 77 25 -1 34 -1 -1 18 31 -1 17 68 -1 91 81 30 -1 1 78 95 37 -1 -1 -1 21 82 -1 54 83 -1 57 -1 -1 3 
3
1 157 15 9 27 80 -1 92 -1 -1 61 32 93 -1 -1 51 65 -1 84 -1 28 16 -1 36 -1 63 11 -1 -1 -1 53 89 72 -1 15 55 90 -1 -1 38 -1 -1 -1 -1 -1 8 -1 -1 88 70 85 -1 -1 2 49 40 47 24 -1 73 42 52 -1 43 33 -1 -1 0 -1 67 77 25 -1 34 -1 -1 18 31 -1 17 68 -1 91 81 30 -1 1 78 95 37 -1 -1 -1 21 82 -1 54 83 -1 57 -1 -1 3 
3
1 966 78 9 27 80 -1 92 -1 -1 61 32 93 -1 -1 51 65 -1 84 -1 28 16 -1 36 -1 63 11 -1 -1 -1 53 89 72 -1 15 55 90 -1 -1 38 -1 -1 -1 -1 -1 8 -1 -1 88 70 85 -1 -1 2 49 40 47 24 -1 73 42 52 -1 43 33 -1 -1 0 -1 67 77 25 -1 34 -1 -1 18 31 -1 17 68 -1 91 81 30 -1 1 78 95 37 -1 -1 -1 21 82 -1 54 83 -1 57 -1 -1 3 
3
1 -52 79 9 27 80 -1 92 -1 -1 61 32 93 -1 -1 51 65 -1 84 -1 28 16 -1 36 -1 63 11 -1 -1 -1 53 89 72 -1 15 55 90 -1 -1 38 -1 -1 -1 -1 -1 8 -1 -1 88 70 85 -1 -1 2 49 40 47 24 -1 73 42 52 -1 43 33 -1 -1 0 -1 67 77 25 -1 34 -1 -1 18 31 -1 17 68 100 91 81 30 -1 1 78 95 37 -1 -1 -1 21 82 -1 54 83 -1 57 -1 -1 3 
3
1 951 1 9 27 80 -1 92 -1 -1 61 32 93 -1 -1 51 65 -1 84 -1 28 16 -1 36 -1 63 11 -1 -1 -1 53 89 72 -1 15 55 90 -1 -1 38 -1 -1 -1 -1 -1 8 -1 -1 88 70 85 -1 -1 2 49 40 47 24 -1 73 42 52 -1 43 33 -1 -1 0 -1 67 77 25 -1 34 -1 -1 18 31 -1 17 68 100 91 81 30 -1 1 78 95 37 -1 -1 -1 21 82 -1 54 83 -1 57 -1 -1 3 
3
2 -608 36 9 27 80 -1 92 -1 -1 61 32 93 -1 -1 51 65 -1 84 -1 28 16 -1 36 -1 63 11 -1 -1 -1 53 89 72 -1 15 55 90 -1 -1 38 -1 -1 -1 -1 -1 8 -1 -1 88 70 85 -1 -1 2 49 40 47 24 -1 73 42 52 -1 43 33 -1 -1 0 -1 67 77 25 -1 34 -1 -1 18 31 -1 17 68 100 91 81 30 -1 1 78 95 37 -1 -1 -1 21 82 -1 54 83 -1 57 -1 -1 3 
3
1 123 74 9 27 80 -1 92 -1 -1 61 32 93 -1 -1 51 65 -1 84 -1 28 16 -1 36 -1 63 11 -1 -1 -1 53 89 72 -1 15 55 90 -1 -1 38 -1 -1 -1 -1 -1 8 -1 -1 88 70 85 -1 -1 2 49 40 47 24 -1 73 42 52 -1 43 33 -1 -1 0 -1 67 77 25 -1 34 -1 -1 18 31 -1 17 68 100 91 81 30 -1 1 78 95 37 -1 -1 -1 21 82 -1 54 83 -1 57 -1 -1 3 
3
2 123 123 9 27 80 -1 92 -1 -1 61 32 93 -1 -1 51 65 -1 84 -1 28 16 -1 36 -1 63 11 -1 -1 -1 53 89 72 -1 15 55 90 -1 -1 38 -1 -1 -1 -1 -1 8 -1 -1 88 70 85 -1 -1 2 49 40 47 24 -1 73 42 52 -1 43 33 -1 -1 0 -1 67 77 25 -1 34 -1 -1 18 31 -1 17 68 100 91 81 30 -1 1 78 95 37 -1 -1 -1 21 82 -1 54 83 -1 57 -1 -1 3 
3
1 155 22 9 27 80 -1 92 -1 -1 61 32 93 -1 -1 51 65 -1 84 -1 28 16 -1 36 -1 63 11 -1 -1 -1 53 89 72 -1 15 55 90 -1 -1 38 -1 -1 -1 -1 -1 8 -1 -1 88 70 85 -1 -1 2 49 40 47 24 -1 73 42 52 -1 43 33 -1 -1 0 -1 67 77 25 -1 34 -1 -1 18 31 -1 17 68 100 91 81 30 -1 1 78 95 37 -1 -1 -1 21 82 -1 54 83 -1 57 -1 -1 3 
3
2 971 194 9 27 80 -1 92 -1 -1 61 32 93 -1 -1 51 65 -1 84 -1 28 16 -1 36 -1 63 11 -1 -1 -1 53 89 72 -1 15 55 90 -1 -1 38 -1 -1 -1 -1 -1 8 -1 -1 88 70 85 -1 -1 2 49 40 47 24 -1 73 42 52 -1 43 33 -1 -1 0 -1 67 77 25 -1 34 -1 -1 18 31 -1 17 68 100 91 81 30 -1 1 78 95 37 -1 -1 -1 21 82 -1 54 83 -1 57 -1 -1 3 
3
2 -36 347 9 27 80 -1 92 -1 -1 61 32 93 -1 -1 51 65 -1 84 -1 28 16 -1 36 -1 63 11 -1 -1 -1 53 89 72 -1 15 55 90 -1 -1 38 -1 -1 -1 -1 -1 8 -1 -1 88 70 85 -1 -1 2 49 40 47 24 -1 73 42 52 -1 43 33 -1 -1 0 -1 67 77 25 -1 34 -1 -1 18 31 -1 17 68 100 91 81 30 -1 1 78 95 37 -1 -1 -1 21 82 -1 54 83 -1 57 -1 -1 3 
3
2 257 557 9 27 80 -1 92 -1 -1 61 32 93 -1 -1 51 65 -1 84 -1 28 16 -1 36 -1 63 11 -1 -1 -1 53 89 72 -1 15 55 90 -1 -1 38 -1 -1 -1 -1 -1 8 -1 -1 88 70 85 -1 -1 2 49 40 47 24 -1 73 42 52 -1 43 33 -1 -1 0 -1 67 77 25 -1 34 -1 -1 18 31 -1 17 68 100 91 81 30 -1 1 78 95 37 -1 -1 -1 21 82 -1 54 83 -1 57 -1 -1 3 
3
1 -513 75 53 27 80 -1 92 -1 -1 61 32 109 -1 -1 51 55 -1 63 -1 28 16 -1 36 -1 34 11 -1 -1 -1 84 89 72 -1 91 78 90 -1 -1 65 -1 -1 -1 -1 -1 67 -1 -1 88 70 85 -1 -1 2 49 40 8 24 -1 73 42 52 -1 43 33 -1 -1 0 -1 93 77 25 -1 47 -1 -1 18 31 -1 17 68 100 82 81 30 -1 1 9 95 37 -1 -1 -1 21 38 -1 54 83 -1 57 -1 -1 3 
3
1 -266 8 53 27 80 -1 92 -1 -1 61 32 109 -1 -1 51 55 -1 63 -1 28 16 -1 36 -1 34 11 -1 -1 -1 84 89 72 -1 91 78 90 -1 -1 65 -1 -1 -1 -1 -1 67 -1 -1 88 70 85 -1 -1 2 49 40 8 24 -1 73 42 52 -1 43 33 -1 -1 0 -1 93 77 25 -1 47 -1 -1 18 31 -1 17 68 100 82 81 30 -1 1 9 95 37 -1 -1 -1 21 38 -1 54 83 -1 57 -1 -1 3 
3
2 537 55 53 27 80 -1 92 -1 -1 61 32 109 -1 -1 51 55 -1 63 -1 28 16 -1 36 -1 34 11 -1 -1 -1 84 89 72 -1 91 78 90 -1 -1 65 -1 -1 -1 -1 -1 67 -1 -1 88 70 85 -1 -1 2 49 40 8 24 -1 73 42 52 -1 43 33 -1 -1 0 -1 93 77 25 -1 47 -1 -1 18 31 -1 17 68 100 82 81 30 -1 1 9 95 37 -1 -1 -1 21 38 -1 54 83 -1 57 -1 -1 3 
3
1 -408 61 53 27 80 -1 92 -1 -1 61 32 109 -1 -1 51 55 -1 63 -1 28 16 -1 36 -1 34 11 -1 -1 -1 84 89 72 -1 91 78 90 -1 -1 65 -1 -1 -1 -1 -1 67 -1 -1 88 70 85 -1 -1 2 49 40 8 24 -1 73 42 52 -1 43 33 -1 -1 0 -1 93 77 25 -1 47 -1 -1 18 31 -1 17 68 100 82 81 30 -1 1 9 95 37 -1 -1 -1 21 38 -1 54 83 -1 57 -1 -1 3 
3
2 -576 914 53 27 80 -1 92 -1 -1 61 32 109 -1 -1 51 55 -1 63 -1 28 16 -1 36 -1 34 11 -1 -1 -1 84 89 72 -1 91 78 90 -1 -1 65 -1 -1 -1 -1 -1 67 -1 -1 88 70 85 -1 -1 2 49 40 8 24 -1 73 42 52 -1 43 33 -1 -1 0 -1 93 77 25 -1 47 -1 -1 18 31 -1 17 68 100 82 81 30 -1 1 9 95 37 -1 -1 -1 21 38 -1 54 83 -1 57 -1 -1 3 
3
2 -859 694 84 3 80 -1 81 -1 -1 89 32 27 -1 -1 51 78 -1 34 -1 90 70 -1 36 -1 47 77 -1 -1 -1 63 2 18 -1 91 9 0 -1 -1 55 -1 -1 -1 -1 -1 93 -1 -1 17 24 114 -1 -1 88 72 73 67 85 -1 37 92 28 -1 33 52 -1 -1 61 -1 109 21 42 -1 8 -1 -1 40 31 -1 11 68 100 38 16 30 -1 1 53 95 43 -1 -1 -1 25 65 -1 54 83 -1 57 -1 -1 49 
3
1 -343 55 63 49 80 -1 81 -1 -1 89 36 3 -1 -1 51 9 -1 47 -1 90 70 -1 91 -1 8 77 -1 -1 -1 34 2 40 -1 38 53 0 -1 -1 78 -1 -1 -1 -1 -1 109 -1 -1 17 24 114 -1 -1 88 18 37 93 85 -1 43 92 28 -1 52 115 -1 -1 61 -1 27 21 42 -1 67 -1 -1 73 32 -1 11 68 100 65 16 30 -1 1 84 95 33 -1 -1 -1 25 55 -1 54 83 -1 57 -1 -1 72 
3
2 -580 809 63 49 80 -1 81 -1 -1 89 36 3 -1 -1 51 9 -1 47 -1 90 70 -1 91 -1 8 77 -1 -1 -1 34 2 40 -1 38 53 0 -1 -1 78 -1 -1 -1 -1 -1 109 -1 -1 17 24 114 -1 -1 88 18 37 93 85 -1 43 92 28 -1 52 115 -1 -1 61 -1 27 21 42 -1 67 -1 -1 73 32 -1 11 68 100 65 16 30 -1 1 84 95 33 -1 -1 -1 25 55 -1 54 83 -1 57 -1 -1 72 
3
1 -545 34 34 72 80 -1 81 -1 -1 2 36 49 -1 -1 51 53 -1 8 -1 0 70 -1 91 -1 67 77 -1 -1 -1 47 88 73 -1 38 84 61 -1 -1 9 -1 -1 -1 -1 -1 27 -1 -1 17 24 114 -1 -1 117 40 43 109 85 -1 33 92 90 -1 115 28 -1 -1 89 -1 3 21 42 -1 93 -1 -1 37 32 -1 11 68 100 55 16 30 -1 1 63 95 52 -1 -1 -1 25 78 -1 54 83 -1 57 -1 -1 18 
3
1 -481 50 34 72 80 -1 81 -1 -1 2 36 49 -1 -1 51 53 -1 8 -1 0 70 -1 91 -1 67 77 -1 -1 -1 47 88 73 -1 38 84 61 -1 -1 9 -1 -1 -1 -1 -1 27 -1 -1 17 24 114 -1 -1 117 40 43 109 85 -1 33 92 90 -1 115 28 -1 -1 89 -1 3 21 42 -1 93 -1 -1 37 32 -1 11 68 100 55 16 30 -1 1 63 95 52 -1 -1 -1 25 78 -1 54 83 -1 57 -1 -1 18 
3
1 598 87 34 72 80 -1 81 -1 -1 2 36 49 -1 -1 51 53 -1 8 -1 0 70 -1 91 -1 67 77 -1 -1 -1 47 88 73 -1 38 84 61 -1 -1 9 -1 -1 -1 -1 -1 27 -1 -1 17 24 114 -1 -1 117 40 43 109 85 -1 33 92 90 -1 115 28 -1 -1 89 -1 3 21 42 -1 93 -1 -1 37 32 -1 11 68 100 55 16 30 -1 1 63 95 52 -1 -1 -1 25 78 -1 54 83 -1 57 -1 -1 18 
3
1 820 5 34 72 80 -1 81 -1 -1 2 36 49 -1 -1 51 53 -1 8 -1 0 70 -1 91 -1 67 77 -1 -1 -1 47 88 73 -1 38 84 61 -1 -1 9 -1 -1 -1 -1 -1 27 -1 -1 17 24 114 -1 -1 117 40 43 109 85 -1 33 92 90 -1 115 28 -1 -1 89 -1 3 21 42 -1 93 -1 -1 37 32 -1 11 68 100 55 16 30 -1 1 63 95 52 -1 -1 -1 25 78 -1 54 83 -1 57 -1 -1 18 
3
1 -46 20 34 72 80 -1 81 121 -1 2 36 49 -1 -1 51 53 -1 8 -1 0 70 -1 91 -1 67 77 -1 -1 -1 47 88 73 -1 38 84 61 -1 -1 9 -1 -1 -1 -1 -1 27 -1 -1 17 24 114 -1 -1 117 40 43 109 85 -1 33 92 90 -1 115 28 -1 -1 89 -1 3 21 42 -1 93 -1 -1 37 32 -1 11 68 100 55 16 30 -1 1 63 95 52 -1 -1 -1 25 78 -1 54 83 -1 57 -1 -1 18 
3
1 -362 70 34 72 80 -1 81 121 -1 2 36 49 -1 -1 51 53 -1 8 -1 0 70 -1 91 -1 67 77 -1 -1 -1 47 88 73 -1 38 84 61 -1 -1 9 -1 -1 -1 -1 -1 27 -1 -1 17 24 114 -1 -1 117 40 43 109 85 -1 33 92 90 -1 115 28 -1 -1 89 -1 3 21 42 -1 93 -1 -1 37 32 -1 11 68 100 55 16 30 -1 1 63 95 52 -1 -1 -1 25 78 -1 54 83 -1 57 -1 -1 18 
3
1 -115 77 34 72 80 -1 81 121 -1 2 36 49 -1 -1 51 53 -1 8 -1 0 70 -1 91 -1 67 77 -1 -1 -1 47 88 73 -1 38 84 61 -1 -1 9 -1 -1 -1 -1 -1 27 -1 -1 17 24 114 -1 -1 117 40 43 109 85 -1 33 92 90 -1 115 28 -1 -1 89 -1 3 21 42 -1 93 -1 -1 37 32 -1 11 68 100 55 16 30 -1 1 63 95 52 -1 -1 -1 25 78 -1 54 83 -1 57 -1 -1 18 
3
1 874 90 34 72 80 -1 81 121 -1 2 36 49 -1 -1 51 53 -1 8 -1 0 70 -1 91 -1 67 77 -1 -1 -1 47 88 73 -1 38 84 61 -1 -1 9 -1 -1 -1 -1 -1 27 -1 -1 17 24 114 -1 -1 117 40 43 109 85 -1 33 92 90 -1 115 28 -1 -1 89 -1 3 21 42 -1 93 -1 -1 37 32 -1 11 68 100 55 16 30 -1 1 63 95 52 -1 -1 -1 25 78 -1 54 83 -1 57 -1 -1 18 
3
1 -881 72 34 72 80 -1 81 121 -1 2 36 49 -1 -1 51 53 -1 8 -1 0 70 -1 91 -1 67 77 -1 -1 -1 47 88 73 -1 38 84 61 -1 -1 9 -1 -1 -1 -1 -1 27 -1 -1 17 24 114 -1 -1 117 40 43 109 85 -1 33 92 90 -1 115 28 -1 -1 89 -1 3 21 42 -1 93 -1 -1 37 32 -1 11 68 100 55 16 30 -1 1 63 95 52 -1 -1 -1 25 78 -1 54 83 -1 57 -1 -1 18 
3
2 -975 375 34 72 80 -1 81 121 -1 2 36 49 -1 -1 51 53 -1 8 -1 0 70 -1 91 -1 67 77 -1 -1 -1 47 88 73 -1 38 84 61 -1 -1 9 -1 -1 -1 -1 -1 27 -1 -1 17 24 114 -1 -1 117 40 43 109 85 -1 33 92 90 -1 115 28 -1 -1 89 -1 3 21 42 -1 93 -1 126 37 32 -1 11 68 100 55 16 30 -1 1 63 95 52 -1 -1 -1 25 78 -1 54 83 -1 57 -1 -1 18 
3
1 -305 95 34 72 80 -1 81 121 -1 2 36 49 -1 -1 51 53 -1 8 -1 0 70 -1 91 -1 67 77 -1 -1 -1 47 88 73 -1 38 84 61 -1 -1 9 -1 -1 -1 -1 -1 27 -1 -1 17 24 114 -1 -1 117 40 43 109 85 -1 33 92 90 -1 115 28 -1 -1 89 -1 3 21 42 -1 93 -1 126 37 32 -1 11 68 100 55 16 30 -1 1 63 95 52 -1 -1 -1 25 78 -1 54 83 -1 57 -1 -1 18 
3
2 176 82 34 72 80 -1 81 121 -1 2 36 49 -1 -1 51 53 -1 8 -1 0 70 -1 91 -1 67 77 -1 -1 -1 47 88 73 -1 38 84 61 -1 -1 9 -1 -1 -1 -1 -1 27 -1 -1 17 24 114 -1 -1 117 40 43 109 85 -1 33 92 90 -1 115 28 -1 -1 89 -1 3 21 42 -1 93 -1 126 37 32 -1 11 68 100 55 16 30 -1 1 63 95 52 -1 -1 -1 25 78 -1 54 83 -1 57 -1 -1 18 
3
2 -599 951 34 72 80 -1 81 121 -1 2 36 49 -1 -1 51 53 -1 8 -1 0 70 -1 91 -1 67 77 -1 -1 -1 47 88 73 -1 38 84 61 -1 -1 9 -1 -1 -1 -1 -1 27 -1 -1 17 24 114 -1 -1 117 40 43 109 85 -1 33 92 90 -1 115 28 -1 -1 89 -1 3 21 42 -1 93 -1 126 37 32 -1 11 68 100 55 16 30 -1 1 63 95 52 -1 -1 -1 25 78 -1 54 83 -1 57 -1 -1 18 
3
2 790 396 47 18 80 -1 16 121 -1 88 36 72 -1 -1 51 84 -1 67 -1 61 24 -1 38 -1 93 21 -1 -1 -1 8 117 37 -1 55 63 89 -1 -1 53 -1 -1 -1 -1 -1 3 -1 -1 11 85 1 -1 -1 17 73 33 27 114 -1 52 81 0 -1 28 90 -1 -1 2 -1 49 25 92 -1 109 -1 126 43 32 -1 77 68 100 78 70 30 -1 83 34 130 115 -1 -1 -1 42 9 -1 54 95 -1 57 -1 -1 40 
3
2 -725 379 47 18 80 -1 16 121 -1 88 131 72 -1 -1 51 84 -1 67 -1 61 24 -1 38 -1 93 21 -1 -1 -1 8 117 37 -1 55 63 89 -1 -1 53 -1 -1 -1 -1 -1 3 -1 -1 11 85 1 -1 -1 17 73 33 27 114 -1 52 81 0 -1 28 90 -1 -1 2 -1 49 25 92 -1 109 -1 126 43 36 -1 77 68 100 78 70 30 -1 83 34 130 115 -1 -1 -1 42 9 -1 54 95 -1 57 -1 -1 40 
3
1 -357 53 47 18 80 -1 16 121 -1 88 131 72 -1 -1 51 84 -1 67 -1 61 24 -1 38 -1 93 21 -1 -1 -1 8 117 37 -1 55 63 89 -1 -1 53 -1 -1 -1 -1 -1 3 -1 -1 11 85 1 -1 -1 17 73 33 27 114 -1 52 81 0 -1 28 90 -1 -1 2 -1 49 25 92 -1 109 -1 126 43 36 -1 77 68 100 78 70 30 -1 83 34 130 115 -1 -1 -1 42 9 -1 54 95 -1 57 -1 -1 40 
3
2 503 934 47 18 80 -1 16 121 -1 88 131 72 -1 -1 51 84 -1 67 -1 61 24 -1 38 -1 93 21 -1 -1 -1 8 117 37 -1 55 63 89 -1 -1 53 -1 -1 -1 -1 -1 3 -1 -1 11 85 1 -1 -1 17 73 33 27 114 -1 52 81 0 -1 28 90 -1 -1 2 -1 49 25 92 -1 109 -1 126 43 36 -1 77 68 100 78 70 30 -1 83 34 130 115 -1 -1 -1 42 9 -1 54 95 -1 57 -1 -1 40 
3
1 -563 37 8 40 80 -1 70 121 -1 117 131 18 -1 -1 51 63 -1 93 -1 89 85 -1 38 -1 109 25 -1 -1 -1 67 17 43 -1 78 34 2 -1 -1 84 -1 -1 -1 -1 -1 49 -1 -1 77 114 83 -1 -1 11 37 52 3 1 -1 115 16 61 -1 90 0 -1 -1 88 -1 72 42 81 -1 27 -1 126 33 36 -1 21 68 100 9 24 30 -1 95 47 130 28 -1 -1 -1 92 53 -1 54 134 -1 57 -1 -1 73 
3
2 786 94 8 40 80 -1 70 121 -1 117 131 18 -1 -1 51 63 -1 93 -1 89 85 -1 38 -1 109 25 -1 -1 -1 67 17 43 -1 78 34 2 -1 -1 84 -1 -1 -1 -1 -1 49 -1 -1 77 114 83 -1 -1 11 37 52 3 1 -1 115 16 61 -1 90 0 -1 -1 88 -1 72 42 81 -1 27 -1 126 33 36 -1 21 68 100 9 24 30 -1 95 47 130 28 -1 -1 -1 92 53 -1 54 134 -1 57 -1 -1 73 
3
1 630 6 8 40 80 -1 70 121 -1 117 131 18 -1 -1 51 63 -1 93 -1 89 85 -1 38 -1 109 25 -1 -1 -1 67 17 43 -1 78 34 2 -1 -1 84 -1 -1 -1 -1 -1 49 -1 -1 77 114 83 -1 -1 11 37 52 3 1 -1 115 16 61 -1 90 0 -1 -1 88 -1 72 42 81 -1 27 -1 126 33 36 -1 21 68 100 9 24 30 -1 95 47 130 28 -1 -1 -1 92 53 -1 54 134 -1 57 -1 -1 73 
3
2 -483 913 8 40 80 -1 70 121 137 117 131 18 -1 -1 51 63 -1 93 -1 89 85 -1 38 -1 109 25 -1 -1 -1 67 17 43 -1 78 34 2 -1 -1 84 -1 -1 -1 -1 -1 49 -1 -1 77 114 83 -1 -1 11 37 52 3 1 -1 115 16 61 -1 90 0 -1 -1 88 -1 72 42 81 -1 27 -1 126 33 36 -1 21 68 100 9 24 30 -1 95 47 130 28 -1 -1 -1 92 53 -1 54 134 -1 57 -1 -1 73 
3
1 144 83 67 73 80 -1 24 121 137 17 131 40 -1 -1 51 34 -1 109 -1 2 138 -1 78 -1 27 42 -1 -1 -1 93 11 33 -1 9 47 88 -1 -1 63 -1 -1 -1 -1 -1 72 -1 -1 21 114 83 -1 -1 77 43 115 49 1 -1 28 70 89 -1 0 61 -1 -1 117 -1 18 92 16 -1 3 -1 126 52 36 -1 25 68 100 53 85 30 -1 95 8 130 90 -1 -1 -1 81 84 -1 54 134 -1 57 -1 -1 37 
3
2 805 940 67 73 80 -1 24 121 137 17 131 40 -1 -1 51 34 -1 109 -1 2 138 -1 78 -1 27 42 -1 -1 -1 93 11 33 -1 9 47 88 -1 -1 63 -1 -1 -1 -1 -1 72 -1 -1 21 114 83 -1 -1 77 43 115 49 1 -1 28 70 89 -1 0 61 -1 -1 117 -1 18 92 16 -1 3 -1 126 52 36 -1 25 68 100 53 85 30 -1 95 8 130 90 -1 -1 -1 81 84 -1 54 134 -1 57 -1 -1 37 
3
2 679 363 93 37 80 -1 85 121 137 11 131 73 -1 -1 51 47 -1 27 -1 88 114 -1 9 -1 3 92 -1 -1 -1 109 77 52 -1 53 8 117 -1 -1 34 -1 -1 -1 -1 -1 18 -1 -1 25 1 95 -1 -1 21 33 28 72 83 -1 90 24 2 -1 61 89 -1 -1 17 -1 40 81 70 -1 49 -1 126 115 36 -1 42 68 100 84 138 30 -1 134 67 130 0 -1 -1 -1 16 63 -1 54 140 -1 57 -1 -1 43 
3
1 -447 88 93 37 80 -1 85 121 137 11 131 73 -1 -1 51 47 -1 27 -1 88 114 -1 9 -1 3 92 -1 -1 -1 109 77 52 -1 53 8 117 -1 -1 34 -1 -1 -1 -1 -1 18 -1 -1 25 1 95 -1 -1 21 33 28 72 83 -1 90 24 2 -1 61 89 -1 -1 17 -1 40 81 70 -1 49 -1 126 115 36 -1 42 68 100 84 138 30 -1 134 67 130 0 -1 -1 -1 16 63 -1 54 140 -1 57 -1 -1 43 
3
2 244 76 93 37 80 -1 85 121 137 11 131 73 -1 -1 51 47 -1 27 -1 88 114 -1 9 -1 3 92 -1 -1 -1 109 77 52 -1 53 8 117 -1 -1 34 -1 -1 -1 -1 -1 18 -1 -1 25 1 95 -1 -1 21 33 28 72 83 -1 90 24 2 -1 61 89 -1 -1 17 -1 40 81 70 -1 49 -1 126 115 36 -1 42 68 100 84 138 30 -1 134 67 130 0 -1 -1 -1 16 63 -1 54 140 -1 57 -1 -1 43 
3
1 969 29 93 37 80 -1 85 121 137 11 131 73 -1 -1 51 47 -1 27 -1 88 114 -1 9 -1 3 92 -1 -1 -1 109 77 52 -1 53 8 117 -1 -1 34 -1 -1 -1 -1 -1 18 -1 -1 25 1 95 -1 -1 21 33 28 72 83 -1 90 24 2 -1 61 89 -1 -1 17 -1 40 81 70 -1 49 -1 126 115 36 -1 42 68 100 84 138 30 -1 134 67 130 0 -1 -1 -1 16 63 -1 54 140 -1 57 -1 -1 43 
3
1 -558 81 93 37 80 -1 85 121 137 11 131 73 -1 -1 51 47 -1 27 -1 88 114 -1 9 -1 3 92 -1 -1 -1 109 77 52 -1 53 8 117 -1 -1 34 -1 -1 -1 -1 -1 18 -1 -1 25 1 95 -1 -1 21 33 28 72 83 -1 90 24 2 -1 61 89 -1 -1 17 -1 40 81 70 -1 49 -1 126 115 36 -1 42 68 100 84 138 30 -1 134 67 130 0 -1 -1 -1 16 63 -1 54 140 -1 57 -1 -1 43 
3
1 -409 48 93 37 80 -1 85 121 137 11 131 73 -1 -1 51 47 -1 27 -1 88 114 -1 9 -1 3 92 -1 -1 -1 109 77 52 -1 53 8 117 -1 -1 34 -1 -1 -1 -1 -1 18 -1 -1 25 1 95 -1 -1 21 33 28 72 83 -1 90 24 2 -1 61 89 -1 -1 17 -1 40 81 70 -1 49 -1 126 115 36 -1 42 68 100 84 138 30 -1 134 67 130 0 -1 -1 -1 16 63 -1 54 140 -1 57 -1 -1 43 
3
2 813 105 93 37 80 -1 85 121 137 11 131 73 -1 -1 51 47 -1 27 -1 88 114 -1 9 -1 3 92 -1 -1 -1 109 77 52 -1 53 8 117 -1 -1 34 -1 -1 -1 -1 -1 18 -1 -1 25 1 95 146 -1 21 33 28 72 83 -1 90 24 2 -1 61 89 -1 -1 17 -1 40 81 70 -1 49 -1 126 115 36 -1 42 68 100 84 138 30 -1 134 67 130 0 -1 -1 -1 16 63 -1 54 140 -1 57 -1 -1 43 
3
1 335 63 93 37 80 -1 85 121 137 11 131 73 -1 -1 51 47 -1 27 -1 88 114 -1 9 -1 3 92 -1 -1 -1 109 77 52 -1 53 8 117 -1 -1 34 -1 -1 -1 -1 -1 18 -1 -1 25 1 95 146 -1 21 33 28 72 83 -1 90 24 2 -1 61 89 -1 -1 17 -1 40 81 70 -1 49 -1 126 115 36 -1 42 68 100 84 138 30 -1 134 67 130 0 -1 -1 -1 16 63 -1 54 140 -1 57 -1 -1 43 
3
2 39 945 93 37 80 -1 85 121 137 11 131 73 -1 -1 51 47 -1 27 -1 88 114 -1 9 -1 3 92 -1 -1 -1 109 77 52 -1 53 8 117 -1 -1 34 -1 -1 -1 -1 -1 18 -1 -1 25 1 95 146 -1 21 33 28 72 83 -1 90 24 2 -1 61 89 -1 -1 17 -1 40 81 70 -1 49 -1 126 115 36 -1 42 68 100 84 138 30 -1 134 67 130 0 -1 -1 -1 16 63 -1 54 140 -1 57 -1 -1 43 
3
2 744 737 109 43 80 -1 138 121 137 77 9 37 -1 -1 51 8 -1 3 -1 117 1 -1 53 -1 49 81 -1 -1 -1 27 21 115 -1 84 67 17 -1 -1 47 -1 -1 -1 -1 -1 40 -1 -1 42 83 134 146 -1 25 52 90 18 95 -1 0 85 88 -1 89 2 -1 -1 11 -1 73 16 24 -1 72 -1 126 28 131 -1 92 68 100 63 114 30 -1 140 93 130 61 -1 -1 -1 70 34 -1 54 149 -1 57 -1 -1 33 
3
2 498 4 27 33 80 -1 138 121 137 77 53 43 -1 -1 51 67 -1 49 -1 117 1 -1 84 -1 72 81 -1 -1 -1 3 21 28 -1 63 93 17 -1 -1 8 -1 -1 -1 -1 -1 73 -1 -1 42 83 134 146 -1 25 115 0 40 95 -1 150 85 88 -1 89 2 -1 -1 11 -1 37 16 24 -1 18 -1 126 90 9 -1 92 68 100 34 114 30 -1 140 109 130 61 -1 -1 -1 70 47 -1 54 149 -1 57 -1 -1 52 
3
1 -175 10 27 33 80 -1 138 121 137 77 53 43 -1 -1 51 67 -1 49 -1 117 1 -1 84 -1 72 81 -1 -1 -1 3 21 28 -1 63 93 17 -1 151 8 -1 -1 -1 -1 -1 73 -1 -1 42 83 134 146 -1 25 115 0 40 95 -1 150 85 88 -1 89 2 -1 -1 11 -1 37 16 24 -1 18 -1 126 90 9 -1 92 68 100 34 114 30 -1 140 109 130 61 -1 -1 -1 70 47 -1 54 149 -1 57 -1 -1 52 
3
1 270 53 27 33 80 -1 138 121 137 77 53 43 -1 -1 51 67 -1 49 -1 117 1 -1 84 -1 72 81 -1 -1 -1 3 21 28 -1 63 93 17 -1 151 8 -1 -1 -1 -1 -1 73 -1 -1 42 83 134 146 -1 25 115 0 40 95 -1 150 85 88 -1 89 2 -1 -1 11 -1 37 16 24 -1 18 -1 126 90 9 -1 92 68 100 34 114 30 -1 140 109 130 61 -1 -1 -1 70 47 -1 54 149 -1 57 -1 -1 52 
3
1 873 71 27 33 80 -1 138 121 137 77 53 43 -1 -1 51 67 -1 49 -1 117 1 -1 84 -1 72 81 -1 -1 -1 3 21 28 -1 63 93 17 -1 151 8 -1 -1 -1 -1 -1 73 -1 -1 42 83 134 146 -1 25 115 0 40 95 -1 150 85 88 -1 89 2 -1 -1 11 -1 37 16 24 -1 18 -1 126 90 9 -1 92 68 100 34 114 30 -1 140 109 130 61 -1 -1 -1 70 47 -1 54 149 -1 57 -1 -1 52 
3
1 -455 84 27 33 80 -1 138 121 137 77 53 43 -1 -1 51 67 -1 49 -1 117 1 -1 84 -1 72 81 -1 -1 -1 3 21 28 -1 63 93 17 -1 151 8 -1 -1 -1 -1 -1 73 -1 -1 42 83 134 146 -1 25 115 0 40 95 -1 150 85 88 -1 89 2 -1 -1 11 -1 37 16 24 -1 18 154 126 90 9 -1 92 68 100 34 114 30 -1 140 109 130 61 -1 -1 -1 70 47 -1 54 149 -1 57 -1 -1 52 
3
1 328 85 27 33 80 -1 138 121 137 77 53 43 -1 -1 51 67 -1 49 -1 117 1 -1 84 -1 72 81 -1 -1 -1 3 21 28 -1 63 93 17 -1 151 8 -1 -1 -1 -1 -1 73 -1 -1 42 83 134 146 -1 25 115 0 40 95 -1 150 85 88 -1 89 2 -1 -1 11 -1 37 16 24 -1 18 154 126 90 9 -1 92 68 100 34 114 30 -1 140 109 130 61 -1 -1 -1 70 47 -1 54 149 -1 57 -1 -1 52 
3
1 -774 61 27 33 80 -1 138 121 137 77 53 43 -1 -1 51 67 -1 49 -1 117 1 -1 84 -1 72 81 -1 -1 -1 3 21 28 -1 63 93 17 -1 151 8 -1 -1 -1 -1 -1 73 -1 -1 42 83 134 146 -1 25 115 0 40 95 -1 150 85 88 -1 89 2 -1 -1 11 -1 37 16 24 -1 18 154 126 90 9 -1 92 68 100 34 114 30 -1 140 109 130 61 -1 -1 -1 70 47 -1 54 149 -1 57 -1 -1 52 
3
1 335 56 27 33 80 -1 138 121 137 77 53 43 -1 -1 51 67 -1 49 -1 117 1 -1 84 -1 72 81 -1 -1 -1 3 21 28 -1 63 93 17 -1 151 8 -1 -1 -1 -1 -1 73 -1 -1 42 83 134 146 -1 25 115 0 40 95 -1 150 85 88 -1 89 2 -1 -1 11 -1 37 16 24 -1 18 154 126 90 9 -1 92 68 100 34 114 30 -1 140 109 130 61 -1 -1 -1 70 47 -1 54 149 -1 57 -1 -1 52 
3
1 747 67 27 33 80 -1 138 121 137 77 53 43 -1 -1 51 67 -1 49 -1 117 1 -1 84 -1 72 81 -1 -1 -1 3 21 28 -1 63 93 17 -1 151 8 -1 -1 -1 -1 -1 73 -1 -1 42 83 134 146 -1 25 115 0 40 95 -1 150 85 88 -1 89 2 -1 -1 11 -1 37 16 24 -1 18 154 126 90 9 -1 92 68 100 34 114 30 -1 140 109 130 61 -1 -1 -1 70 47 -1 54 149 -1 57 -1 -1 52 
3
2 -943 537 27 33 80 -1 138 121 137 77 53 43 -1 -1 51 67 -1 49 -1 117 1 -1 84 -1 72 81 -1 -1 -1 3 21 28 -1 63 93 17 -1 151 8 -1 -1 -1 -1 -1 73 -1 -1 42 83 134 146 -1 25 115 0 40 95 -1 150 85 88 -1 89 2 -1 -1 11 -1 37 16 24 -1 18 154 126 90 9 -1 92 68 100 34 114 30 -1 140 109 130 61 -1 -1 -1 70 47 -1 54 149 -1 57 -1 -1 52 
3
1 -757 96 27 33 80 -1 138 121 137 77 84 43 -1 -1 51 67 -1 49 -1 117 1 -1 63 -1 72 81 -1 -1 -1 3 21 28 -1 34 93 17 -1 151 8 -1 -1 -1 -1 -1 73 -1 -1 42 83 134 146 -1 25 115 0 40 95 -1 150 85 88 -1 89 2 -1 -1 11 -1 37 16 24 -1 18 154 126 90 53 -1 92 68 100 47 114 30 -1 140 109 130 61 -1 -1 -1 70 160 -1 54 149 -1 57 -1 -1 52 
3
2 281 788 27 33 80 -1 138 121 137 77 84 43 -1 -1 51 67 -1 49 -1 117 1 -1 63 -1 72 81 -1 -1 -1 3 21 28 -1 34 93 17 -1 151 8 -1 -1 -1 -1 -1 73 -1 -1 42 83 134 146 -1 25 115 0 40 95 -1 150 85 88 -1 89 2 -1 -1 11 -1 37 16 24 -1 18 154 126 90 53 -1 92 68 100 47 114 30 -1 140 109 130 61 -1 -1 -1 70 160 -1 54 149 -1 57 -1 -1 52 
3
1 687 17 3 52 80 -1 138 121 137 77 84 33 -1 -1 51 93 -1 72 -1 117 1 -1 34 -1 18 81 -1 -1 -1 49 21 90 -1 47 109 17 -1 151 67 -1 -1 -1 -1 -1 37 -1 -1 42 83 134 146 -1 25 28 150 73 95 -1 61 85 88 -1 2 162 -1 -1 11 -1 43 16 24 -1 40 154 126 0 53 -1 92 68 100 160 114 30 -1 140 27 130 89 -1 -1 -1 70 8 -1 54 149 -1 57 -1 -1 115 
3
2 -256 851 3 52 80 -1 138 121 137 77 84 33 -1 -1 51 93 -1 72 -1 117 1 -1 34 -1 18 81 -1 -1 -1 49 21 90 -1 47 109 17 -1 151 67 -1 -1 -1 -1 -1 37 -1 -1 42 83 134 146 -1 25 28 150 73 95 -1 61 85 88 -1 2 162 -1 -1 11 -1 43 16 24 -1 40 154 126 0 53 -1 92 68 100 160 114 30 -1 140 27 130 89 -1 -1 -1 70 8 -1 54 149 -1 57 -1 -1 115 
3
2 -680 526 49 115 80 -1 138 121 137 164 84 52 -1 -1 51 109 -1 18 -1 17 1 -1 34 -1 40 81 -1 -1 -1 72 21 0 -1 47 27 11 -1 151 93 -1 -1 -1 -1 -1 43 -1 -1 42 83 134 146 -1 25 90 61 37 95 -1 89 85 117 -1 162 88 -1 -1 77 -1 33 16 24 -1 73 154 126 150 53 -1 92 68 100 8 114 30 -1 140 3 130 2 -1 -1 -1 70 67 -1 54 149 -1 57 -1 -1 28 
3
2 -414 925 49 115 80 -1 138 121 137 164 84 52 -1 -1 51 109 -1 18 -1 17 1 -1 34 -1 40 81 -1 -1 -1 72 21 0 -1 47 27 11 -1 151 93 -1 -1 -1 -1 -1 43 -1 -1 42 83 134 146 -1 25 90 61 37 95 -1 89 85 117 -1 162 88 -1 -1 77 -1 33 16 24 -1 73 154 126 150 53 -1 92 68 100 8 114 30 -1 140 3 130 2 -1 -1 -1 70 67 -1 54 149 -1 57 -1 -1 28 
3
1 545 25 72 28 80 -1 114 121 137 21 84 115 -1 -1 51 27 -1 40 -1 11 83 -1 34 -1 73 16 -1 -1 -1 18 25 150 -1 8 3 77 -1 151 109 -1 -1 -1 -1 -1 33 -1 -1 92 95 134 146 -1 42 0 89 43 166 -1 2 138 17 -1 88 117 -1 -1 164 -1 52 70 85 -1 37 154 126 61 53 -1 81 68 100 67 1 30 -1 140 49 130 162 -1 -1 -1 24 93 -1 54 149 -1 57 -1 -1 90 
3
2 -551 959 72 28 80 -1 114 121 137 21 84 115 -1 -1 51 27 -1 40 -1 11 83 -1 34 -1 73 16 -1 167 -1 18 25 150 -1 8 3 77 -1 151 109 -1 -1 -1 -1 -1 33 -1 -1 92 95 134 146 -1 42 0 89 43 166 -1 2 138 17 -1 88 117 -1 -1 164 -1 52 70 85 -1 37 154 126 61 53 -1 81 68 100 67 1 30 -1 140 49 130 162 -1 -1 -1 24 93 -1 54 149 -1 57 -1 -1 90 
3
2 325 893 18 90 80 -1 1 121 137 25 34 28 -1 -1 51 3 -1 73 -1 77 95 -1 8 -1 37 70 -1 167 -1 40 42 61 -1 67 49 164 -1 151 27 -1 -1 -1 -1 -1 52 -1 -1 81 166 140 146 -1 92 150 2 33 134 -1 162 114 11 -1 117 17 -1 -1 21 -1 115 24 138 -1 43 154 126 89 84 -1 16 68 100 93 83 30 -1 149 72 168 88 -1 -1 -1 85 109 -1 54 130 -1 57 -1 -1 0 
3
1 -429 72 40 0 80 -1 1 121 137 42 8 90 -1 -1 51 49 -1 37 -1 164 95 -1 67 -1 43 70 -1 167 -1 73 92 89 -1 93 72 21 -1 151 3 -1 -1 -1 -1 -1 115 -1 -1 169 166 140 146 -1 81 61 162 52 134 -1 88 114 77 -1 17 11 -1 -1 25 -1 28 24 138 -1 33 154 126 2 34 -1 16 68 100 109 83 30 -1 149 18 168 117 -1 -1 -1 85 27 -1 54 130 -1 57 -1 -1 150 
3
1 -329 80 40 0 80 -1 1 121 137 42 8 90 -1 -1 51 49 -1 37 -1 164 95 -1 67 -1 43 70 -1 167 -1 73 92 89 -1 93 72 21 -1 151 3 -1 -1 -1 -1 -1 115 -1 -1 169 166 140 146 -1 81 61 162 52 134 -1 88 114 77 -1 17 11 -1 -1 25 -1 28 24 138 -1 33 154 170 2 34 -1 16 68 100 109 83 30 -1 149 18 168 117 -1 -1 -1 85 27 -1 54 130 -1 57 -1 -1 150 
3
2 40 589 40 0 80 -1 1 121 137 42 8 90 -1 -1 51 49 -1 37 -1 164 95 -1 67 -1 43 70 -1 167 -1 73 92 89 -1 93 72 21 -1 151 3 -1 -1 -1 -1 -1 115 -1 -1 169 166 140 146 -1 81 61 162 52 134 -1 88 114 77 -1 17 11 -1 -1 25 -1 28 24 138 -1 33 154 170 2 34 -1 16 68 100 109 83 30 -1 149 18 168 117 -1 -1 -1 85 27 -1 54 130 -1 57 -1 -1 150 
3
1 968 66 73 0 80 -1 1 121 137 42 8 90 -1 -1 51 72 -1 37 -1 164 95 -1 67 -1 43 70 -1 167 -1 172 92 89 -1 93 18 21 -1 151 49 -1 -1 -1 -1 -1 115 -1 -1 169 166 140 146 -1 81 61 162 52 134 -1 88 114 77 -1 17 11 -1 -1 25 -1 28 24 138 -1 33 154 170 2 34 -1 16 68 100 109 83 30 -1 149 40 168 117 -1 -1 -1 85 3 -1 54 130 -1 57 -1 -1 150 
3
1 -698 27 73 0 80 -1 1 121 137 42 8 90 -1 -1 51 72 -1 37 -1 164 95 -1 67 -1 43 70 -1 167 -1 172 92 89 -1 93 18 21 -1 151 49 -1 -1 -1 -1 -1 115 -1 -1 169 166 140 146 -1 81 61 162 52 134 -1 88 114 77 -1 17 11 -1 -1 25 -1 28 24 138 -1 33 154 170 2 34 -1 16 68 100 109 83 30 -1 149 40 168 117 -1 -1 -1 85 3 -1 54 130 -1 57 -1 -1 150 
3
2 -841 158 73 0 80 -1 1 121 137 42 8 90 -1 -1 51 72 -1 37 -1 164 95 -1 67 -1 43 70 -1 167 -1 172 92 89 -1 93 18 21 -1 151 49 -1 -1 -1 -1 -1 115 -1 -1 169 166 140 146 -1 81 61 162 52 134 -1 88 114 77 -1 17 11 -1 -1 25 -1 28 24 138 -1 33 154 170 2 34 -1 16 68 100 109 83 30 -1 149 40 168 117 -1 -1 -1 85 3 -1 54 130 -1 57 -1 -1 150 
3
2 761 832 73 0 80 -1 1 121 137 42 8 90 -1 -1 51 72 -1 37 -1 164 95 -1 67 -1 43 70 -1 167 -1 172 92 89 -1 93 18 21 -1 151 49 -1 -1 -1 -1 -1 115 -1 -1 169 166 140 146 -1 81 61 162 52 134 -1 88 114 77 -1 17 11 -1 -1 25 -1 28 24 138 -1 33 154 170 2 34 -1 16 68 100 109 83 30 -1 149 40 168 117 -1 -1 -1 85 3 -1 54 130 -1 57 -1 -1 150 
3
1 -194 54 172 150 80 -1 1 121 137 42 8 0 -1 -1 51 18 -1 43 -1 164 95 -1 67 -1 33 70 -1 167 -1 37 92 2 -1 93 40 21 -1 151 72 -1 -1 -1 -1 -1 28 -1 -1 169 166 140 146 -1 81 89 88 115 134 -1 117 114 77 -1 17 11 -1 -1 25 -1 90 24 138 -1 52 154 170 162 34 -1 16 68 100 109 83 30 -1 149 73 168 176 -1 -1 -1 85 49 -1 54 130 -1 57 -1 -1 61 
3
2 304 474 172 150 80 -1 1 121 137 42 8 0 -1 -1 51 18 -1 43 -1 164 95 -1 67 -1 33 70 -1 167 -1 37 92 2 -1 93 40 21 -1 151 72 -1 -1 -1 -1 -1 28 -1 -1 169 166 140 146 -1 81 89 88 115 134 -1 117 114 77 -1 17 11 -1 -1 25 -1 90 24 138 -1 52 154 170 162 34 -1 16 68 100 109 83 30 -1 149 73 168 176 -1 -1 -1 85 49 -1 54 130 -1 57 -1 -1 61 
3
2 -544 759 172 150 80 -1 1 121 137 42 8 0 -1 -1 51 18 -1 43 -1 164 95 -1 67 -1 33 70 -1 167 -1 37 92 2 -1 93 40 21 -1 151 72 -1 -1 -1 -1 -1 28 -1 -1 169 166 140 146 -1 81 89 88 115 134 -1 117 114 77 -1 17 11 -1 -1 25 -1 90 24 138 -1 52 154 170 162 34 -1 16 68 100 109 83 30 -1 149 73 168 176 -1 -1 -1 85 49 -1 54 130 -1 57 -1 -1 61 
3
2 792 215 37 61 80 -1 1 121 137 42 67 150 -1 -1 51 40 -1 33 -1 164 95 -1 93 -1 52 70 -1 167 -1 43 92 2 -1 109 73 21 -1 151 18 -1 -1 -1 -1 -1 90 -1 -1 169 166 140 146 -1 81 89 88 28 134 -1 117 114 77 -1 17 11 -1 -1 25 -1 0 24 138 -1 115 154 170 162 8 -1 16 68 100 49 83 30 -1 149 172 168 176 -1 -1 -1 85 72 -1 54 130 -1 57 -1 -1 179 
3
2 143 509 37 61 80 -1 1 121 137 42 67 150 -1 -1 51 40 -1 33 -1 164 95 -1 93 -1 52 70 -1 167 -1 43 92 2 -1 109 73 21 -1 151 18 -1 -1 -1 -1 -1 90 -1 -1 169 166 140 146 -1 81 89 88 28 134 -1 117 114 77 -1 17 11 -1 -1 25 -1 0 24 138 -1 115 154 170 162 8 -1 16 68 100 49 83 30 -1 149 172 168 176 -1 -1 -1 85 72 -1 54 130 -1 57 -1 -1 179 
3
2 -49 209 37 61 80 -1 1 121 137 42 67 150 -1 -1 51 40 -1 33 -1 164 95 -1 93 -1 52 70 -1 167 -1 43 92 2 -1 109 73 21 -1 151 18 -1 -1 -1 -1 -1 90 -1 -1 169 166 140 146 -1 81 89 88 28 134 -1 117 114 77 -1 17 11 -1 -1 25 -1 0 24 138 -1 115 154 170 162 8 -1 16 68 100 49 83 30 -1 149 172 168 176 -1 -1 -1 85 72 -1 54 130 -1 57 -1 -1 179 
3
2 -785 760 37 61 80 -1 1 121 137 42 67 150 -1 -1 51 40 -1 33 -1 164 95 -1 93 -1 52 70 -1 167 -1 43 92 2 -1 109 73 21 -1 151 18 -1 -1 -1 -1 -1 90 -1 -1 169 166 140 146 -1 81 89 88 28 134 -1 117 114 77 -1 17 11 -1 -1 25 -1 0 24 138 -1 115 154 170 162 8 -1 16 68 100 49 83 30 -1 149 172 168 176 -1 -1 -1 85 72 -1 54 130 -1 57 -1 -1 179 
3
1 -63 66 43 179 80 -1 1 121 137 42 67 61 -1 -1 51 73 -1 52 -1 164 95 -1 93 -1 115 70 -1 167 -1 33 92 2 -1 109 172 21 -1 151 40 -1 -1 -1 -1 -1 0 -1 -1 169 166 140 146 -1 81 89 88 90 134 -1 117 114 77 -1 17 11 -1 -1 25 -1 150 24 138 -1 28 154 170 162 8 -1 16 68 100 72 83 30 -1 149 37 168 176 -1 -1 -1 85 18 -1 54 130 -1 57 -1 -1 183 
3
2 -585 174 43 179 80 -1 1 121 137 42 67 61 -1 -1 51 73 -1 52 -1 164 95 -1 93 -1 115 70 -1 167 -1 33 92 2 -1 109 172 21 -1 151 40 -1 -1 -1 -1 -1 0 -1 -1 169 166 140 146 -1 81 89 88 90 134 -1 117 114 77 -1 17 11 -1 -1 25 -1 150 24 138 -1 28 154 170 162 8 -1 16 68 100 72 83 30 -1 149 37 168 176 -1 -1 -1 85 18 -1 54 130 -1 57 -1 -1 183 
3
2 -893 198 43 179 80 -1 1 121 137 42 67 61 -1 -1 51 73 -1 52 -1 164 95 -1 93 -1 115 70 -1 167 -1 33 92 2 -1 109 172 21 -1 151 40 -1 -1 -1 -1 -1 0 -1 -1 169 166 140 146 -1 81 89 88 90 134 -1 117 114 77 -1 17 11 -1 -1 25 -1 150 24 138 -1 28 154 170 162 8 -1 16 68 100 72 83 30 -1 149 37 168 176 -1 -1 -1 85 18 -1 54 130 -1 57 -1 -1 183 
3
2 991 89 43 179 80 -1 1 121 137 42 67 61 -1 -1 51 73 -1 52 -1 164 95 -1 93 -1 115 70 -1 167 -1 33 92 2 -1 109 172 21 -1 151 40 -1 -1 -1 -1 -1 0 -1 -1 169 166 140 146 -1 81 89 88 90 134 -1 117 114 77 -1 17 11 -1 -1 25 -1 150 24 138 -1 28 154 170 162 8 -1 16 68 100 72 83 30 -1 149 37 168 176 -1 -1 -1 85 18 -1 54 130 -1 57 -1 -1 183 
3
2 712 860 43 179 80 -1 1 121 137 42 67 61 -1 -1 51 73 -1 52 -1 164 95 -1 93 -1 115 70 -1 167 -1 33 92 2 -1 109 172 21 -1 151 40 -1 -1 -1 -1 -1 0 -1 -1 169 166 140 146 -1 81 89 88 90 134 -1 117 114 77 -1 17 11 -1 -1 25 -1 150 24 138 -1 28 154 170 162 8 -1 16 68 100 72 83 30 -1 149 37 168 176 -1 -1 -1 85 18 -1 54 130 -1 57 -1 -1 183 
3
2 -711 96 33 183 80 -1 1 121 137 42 67 179 -1 -1 51 172 -1 115 -1 188 95 -1 93 -1 28 70 -1 167 -1 52 92 162 -1 72 37 21 -1 151 73 -1 -1 -1 -1 -1 150 -1 -1 169 166 140 146 -1 81 2 117 0 134 -1 176 114 164 -1 11 77 -1 -1 25 -1 61 24 138 -1 90 154 170 88 8 -1 16 68 100 18 83 30 -1 149 43 168 17 -1 -1 -1 85 40 -1 54 130 -1 57 -1 -1 89 
3
1 123 22 33 183 80 -1 1 121 137 42 67 179 -1 -1 51 172 -1 115 -1 188 95 -1 93 -1 28 70 -1 167 -1 52 92 162 -1 72 37 21 -1 151 73 -1 -1 -1 -1 -1 150 -1 -1 169 166 140 146 -1 81 2 117 0 134 -1 176 114 164 -1 11 77 -1 -1 25 -1 61 24 138 -1 90 154 170 88 8 -1 16 68 100 18 83 30 -1 149 43 168 17 -1 -1 -1 85 40 -1 54 130 -1 57 -1 -1 89 
3
1 365 72 33 183 80 -1 1 121 137 42 67 179 -1 -1 51 172 -1 115 -1 188 95 -1 93 -1 28 70 -1 167 -1 52 92 162 -1 72 37 21 -1 151 73 -1 -1 -1 -1 -1 150 -1 -1 169 166 140 146 -1 81 2 117 0 134 -1 176 114 164 -1 11 77 -1 -1 25 -1 61 24 138 -1 90 154 170 88 8 -1 16 68 100 18 83 30 -1 149 43 168 17 -1 -1 -1 85 40 -1 54 130 -1 57 -1 -1 89 
3
1 -76 41 33 183 80 -1 1 121 137 42 67 179 -1 -1 51 172 -1 115 -1 188 95 -1 93 -1 28 70 -1 167 -1 52 92 162 -1 72 37 21 -1 151 73 -1 -1 -1 -1 -1 150 -1 -1 169 166 140 146 -1 81 2 117 0 134 -1 176 114 164 -1 11 77 -1 -1 25 -1 61 24 138 -1 90 154 191 88 8 -1 16 68 100 18 83 30 -1 149 43 168 17 -1 -1 -1 85 40 -1 54 130 -1 57 -1 -1 89 
3
1 -919 63 33 183 80 -1 1 121 137 42 67 179 -1 -1 51 172 -1 115 -1 188 95 -1 93 -1 28 70 -1 167 -1 52 92 162 -1 72 37 21 -1 151 73 -1 -1 -1 -1 -1 150 -1 -1 169 166 140 146 -1 81 2 117 0 134 -1 176 114 164 -1 11 77 -1 -1 25 -1 61 24 138 -1 90 154 191 88 8 -1 16 68 100 18 83 30 -1 149 43 168 17 -1 -1 -1 85 40 -1 54 130 -1 57 -1 -1 89 
3
2 582 152 33 183 80 -1 1 121 137 42 67 179 -1 -1 51 172 -1 115 -1 188 95 -1 93 -1 28 70 -1 167 -1 52 92 162 -1 72 37 21 -1 151 73 -1 -1 -1 -1 -1 150 -1 -1 169 166 140 146 -1 81 2 117 0 134 -1 176 114 164 -1 11 77 -1 -1 25 -1 61 24 138 -1 90 154 191 88 8 -1 16 68 100 18 83 30 -1 149 43 168 17 -1 -1 -1 85 40 -1 54 130 -1 57 -1 -1 89 
3
2 -895 429 33 183 80 -1 1 121 137 42 67 179 -1 -1 51 172 -1 115 -1 188 95 -1 93 -1 28 70 -1 167 -1 52 92 162 -1 72 37 21 -1 151 73 -1 -1 -1 -1 -1 150 -1 -1 169 166 140 146 -1 81 2 117 0 134 -1 176 114 164 -1 11 77 -1 -1 25 -1 61 24 138 -1 90 154 191 88 8 -1 16 68 100 18 83 30 -1 149 43 168 17 -1 -1 -1 85 40 -1 54 130 -1 57 -1 -1 89 
3
2 286 456 33 183 80 -1 1 121 137 42 67 179 -1 -1 51 172 -1 115 -1 188 95 -1 93 -1 28 70 -1 167 -1 52 92 162 -1 72 37 21 -1 151 73 -1 -1 -1 -1 -1 150 -1 -1 169 166 140 146 -1 81 2 117 0 134 -1 176 114 164 -1 11 77 -1 -1 25 -1 61 24 138 -1 90 154 191 88 8 -1 16 68 100 18 83 30 -1 149 43 168 17 -1 -1 -1 85 40 -1 54 130 -1 57 -1 -1 89 
3
1 -239 84 33 183 80 -1 1 121 137 42 67 179 -1 -1 51 172 -1 115 -1 188 95 -1 93 -1 28 70 -1 167 -1 52 92 162 -1 72 37 21 -1 151 73 -1 -1 -1 -1 -1 150 -1 -1 169 166 140 146 -1 81 2 117 0 134 -1 176 114 164 -1 11 77 -1 -1 25 -1 61 24 138 -1 90 154 191 88 8 -1 16 68 100 18 83 30 -1 149 43 168 17 -1 -1 -1 85 40 -1 54 130 -1 57 -1 -1 89 
3
1 -670 85 33 183 80 -1 1 121 137 42 67 179 -1 -1 51 172 -1 115 -1 188 95 -1 93 -1 28 70 -1 167 -1 52 92 162 -1 72 37 21 -1 151 73 -1 -1 -1 -1 -1 150 -1 -1 169 166 140 146 -1 81 2 117 0 134 -1 176 114 164 -1 11 77 -1 -1 25 -1 61 24 138 -1 90 154 191 88 8 -1 16 68 100 18 83 30 -1 149 43 168 17 -1 -1 -1 85 40 -1 54 130 -1 57 -1 -1 89 
3
1 245 79 33 183 80 -1 1 121 137 42 67 179 -1 -1 51 172 -1 115 -1 188 95 -1 93 -1 28 70 -1 167 -1 52 92 162 -1 72 37 21 -1 151 73 -1 -1 -1 -1 -1 150 -1 -1 169 166 140 146 -1 81 2 117 0 134 -1 176 114 164 -1 11 77 -1 -1 25 -1 61 24 138 -1 90 154 191 88 8 -1 16 68 100 18 83 30 -1 149 43 168 17 -1 -1 -1 85 40 -1 54 130 -1 57 -1 -1 89 
3
