20
10 774 665
3 847 195
25 601 51
11 621 190
10 755 222
13 886 316
31 826 631
29 978 142
28 90 56
30 1004 95
16 753 392
8 947 778
22 642 523
8 621 119
6 873 374
3 578 164
24 989 736
14 942 860
28 375 7
19 101 52
3
2 67 45 -1 -1 -1 -1 -1 -1 -1 -1 0 -1 -1 -1 -1 -1 -1 -1 -1 -1 -1 -1
3
2 746 54 -1 -1 -1 -1 -1 -1 -1 -1 0 -1 -1 -1 -1 -1 -1 -1 -1 -1 1 -1
3
2 223 56 -1 -1 -1 -1 -1 -1 -1 -1 1 -1 -1 -1 -1 -1 -1 -1 -1 -1 2 0
3
1 774 15 -1 -1 -1 -1 -1 -1 -1 -1 1 -1 -1 -1 -1 -1 -1 3 -1 -1 2 0
3
2 491 25 -1 -1 -1 -1 -1 -1 2 -1 0 -1 -1 -1 -1 -1 -1 3 -1 -1 1 4
3
2 429 26 -1 -1 5 -1 -1 -1 2 -1 0 -1 -1 -1 -1 -1 -1 3 -1 -1 1 4
3
2 228 57 -1 -1 0 -1 -1 -1 6 -1 1 -1 -1 -1 5 -1 -1 3 -1 -1 2 4
3
2 658 20 -1 -1 5 -1 -1 -1 6 -1 0 2 -1 -1 4 -1 -1 3 -1 -1 1 7
3
2 205 10 -1 -1 5 -1 -1 -1 6 -1 0 2 -1 -1 4 -1 -1 3 -1 -1 1 7
3
2 831 61 -1 -1 5 -1 -1 -1 9 2 0 6 -1 -1 4 -1 -1 3 -1 -1 1 7
3
2 413 63 -1 -1 0 7 -1 -1 10 6 1 9 -1 -1 5 -1 -1 3 -1 -1 2 4
3
2 746 40 -1 -1 0 7 -1 -1 10 6 1 9 4 -1 11 -1 -1 3 -1 -1 2 5
3
1 1002 9 -1 -1 0 7 -1 -1 10 6 1 9 4 -1 11 -1 -1 3 -1 -1 2 5
3
2 755 11 -1 -1 0 7 -1 -1 10 6 1 9 4 -1 11 13 -1 3 -1 -1 2 5
3
2 627 54 -1 -1 14 7 -1 -1 10 6 1 9 4 -1 11 13 -1 3 0 -1 2 5
3
1 347 1 -1 -1 14 7 -1 -1 10 6 1 9 4 -1 11 13 -1 3 0 -1 2 5
3
2 230 6 -1 -1 14 7 -1 -1 10 6 1 9 4 -1 11 13 -1 3 0 -1 2 5
3
2 78 23 -1 -1 14 7 -1 -1 10 6 1 9 4 -1 11 13 -1 3 0 -1 2 5
3
2 868 35 -1 -1 14 7 -1 -1 10 6 1 9 4 -1 11 13 -1 3 0 -1 2 18
3
2 640 33 -1 -1 14 7 -1 -1 10 6 1 9 4 -1 18 13 -1 3 11 -1 2 19
3
1 512 12 -1 -1 14 7 -1 -1 10 6 1 9 4 -1 18 13 -1 3 11 -1 2 19
3
2 877 39 -1 -1 14 7 -1 -1 10 6 1 9 19 -1 21 13 -1 3 11 -1 2 18
3
2 463 16 -1 -1 14 7 -1 -1 10 6 1 9 19 -1 21 13 -1 3 11 -1 2 18
3
2 936 2 -1 -1 14 7 13 -1 10 6 1 9 19 -1 21 23 -1 3 11 -1 2 18
3
1 868 15 -1 -1 14 7 13 -1 10 6 1 9 19 -1 21 23 -1 24 11 -1 2 18
3
1 632 9 -1 -1 14 7 13 -1 10 6 1 9 19 -1 21 23 -1 24 11 -1 2 18
3
2 805 52 13 -1 14 19 7 -1 10 6 1 9 18 -1 11 23 -1 24 26 -1 2 21
3
2 74 1 13 -1 14 19 7 -1 10 6 1 9 18 -1 11 23 -1 24 26 -1 2 21
3
1 322 3 13 -1 14 19 7 -1 10 6 1 9 18 -1 11 23 -1 24 26 -1 2 21
3
2 899 35 13 -1 14 19 7 29 10 6 1 9 18 -1 11 23 -1 24 26 -1 2 21
3
1 832 14 13 -1 14 19 7 29 10 6 1 9 18 -1 11 23 -1 24 26 -1 2 21
3
2 187 15 13 -1 14 19 7 29 10 6 1 9 18 -1 11 23 -1 24 26 -1 2 21
3
2 733 29 13 -1 14 32 7 19 10 6 1 9 18 -1 11 23 -1 24 26 29 2 21
3
2 644 4 13 -1 14 32 7 19 10 6 1 9 18 -1 11 23 -1 24 26 29 2 21
3
2 693 39 13 -1 14 19 32 29 10 6 1 9 34 -1 11 23 -1 24 26 18 2 21
3
1 348 5 13 -1 14 19 32 29 10 6 1 9 34 -1 11 23 -1 24 26 18 2 21
3
2 36 2 13 -1 14 19 32 29 10 6 1 9 34 -1 11 23 -1 24 26 18 2 21
3
2 1009 11 37 -1 14 19 32 29 10 6 1 9 34 -1 11 23 -1 24 26 18 2 21
3
2 852 12 38 23 14 19 32 29 10 6 1 9 34 -1 11 37 -1 24 26 18 2 21
3
1 793 9 38 23 14 19 32 29 10 6 1 9 34 -1 11 37 -1 24 26 18 2 21
3